Sp_maps/Fauna_Cerrado/Cunizza_hirlanda_planasia.asc
NCOLS 186 
NROWS 224 
XLLCORNER -60.109416846 
YLLCORNER -24.68462619 
CELLSIZE 0.1 
NODATA_value -3.4e+38 
[rows 160 to 179 of 224, columns 132 to 175 of 186]
0.0664180964231491 0.083761103451252 0.0631489977240562 0.102744996547699 0.132413998246193 0.182420000433922 0.112861000001431 0.0707831978797913 0.0770130977034569 0.112823002040386 0.0873967036604881 0.0493667982518673 0.0230557005852461 0.0339820012450218 0.0420984998345375 0.0238297991454601 0.00914269965142012 0.0309887994080782 0.0446870997548103 0.0564020983874798 0.0733819976449013 0.0914452970027924 0.0225131008774042 0.01247030030936 0.0135327996686101 0.0175675991922617 0.0106343999505043 0.00977990031242371 0.0372011996805668 0.0341484993696213 0.351164013147354 0.444359004497528 0.518639981746674 0.487114995718002 0.36141100525856 -3.4e+38 -3.4e+38 -3.4e+38 -3.4e+38 -3.4e+38 -3.4e+38 -3.4e+38 -3.4e+38 -3.4e+38
0.0885218009352684 0.126975998282433 0.147634997963905 0.07987429946661 0.0695983022451401 0.141841992735863 0.183523997664452 0.0817283019423485 0.134442999958992 0.132741004228592 0.0784002020955086 0.0406006015837193 0.0374783016741276 0.033185001462698 0.0247322991490364 0.0106154996901751 0.00794169958680868 0.0142420995980501 0.0412176996469498 0.0592564009130001 0.0762657001614571 0.104391001164913 0.0207195002585649 0.0117193004116416 0.0146070998162031 0.0167785994708538 0.0186199005693197 0.00815512984991074 0.0391158983111382 0.0731858015060425 0.43300199508667 0.467341989278793 0.396899998188019 0.460503995418549 -3.4e+38 -3.4e+38 -3.4e+38 -3.4e+38 -3.4e+38 -3.4e+38 -3.4e+38 -3.4e+38 -3.4e+38 -3.4e+38
0.195319995284081 0.257611989974976 0.133770003914833 0.0790221020579338 0.0670711994171143 0.17137299478054 0.190257996320724 0.134923994541168 0.133054003119469 0.140107005834579 0.0984378978610039 0.0508583001792431 0.046568900346756 0.039479698985815 0.0177925005555153 0.00761188985779881 0.0090426504611969 0.00895674992352724 0.0214112997055054 0.0433143004775047 0.061260998249054 0.10487599670887 0.0188676007091999 0.0136481998488307 0.0182844009250402 0.0196001008152962 0.010614300146699 0.00698392000049353 0.0119620999321342 0.0295950993895531 0.373100996017456 0.455655992031097 0.377086997032166 -3.4e+38 -3.4e+38 -3.4e+38 -3.4e+38 -3.4e+38 -3.4e+38 -3.4e+38 -3.4e+38 -3.4e+38 -3.4e+38 -3.4e+38
0.256808996200562 0.365678012371063 0.128358006477356 0.0776861980557442 0.0596105009317398 0.112420000135899 0.1475909948349 0.0829135030508041 0.0689677968621254 0.0617715008556843 0.0596456006169319 0.0407359004020691 0.046187199652195 0.0540365986526012 0.0163122992962599 0.0129687003791332 0.00953454989939928 0.00939865969121456 0.0101961996406317 0.0170389004051685 0.0188983008265495 0.0340451002120972 0.02214689925313 0.0191612001508474 0.0163390003144741 0.012673799879849 0.00757445022463799 0.00773306982591748 0.019649799913168 0.0143550997599959 0.0869702994823456 0.310550004243851 -3.4e+38 -3.4e+38 -3.4e+38 -3.4e+38 -3.4e+38 -3.4e+38 -3.4e+38 -3.4e+38 -3.4e+38 -3.4e+38 -3.4e+38 -3.4e+38
0.333424001932144 0.392946988344193 0.132065996527672 0.0671211034059525 0.0550254993140697 0.0749106034636497 0.127081006765366 0.0924933031201363 0.0535535998642445 0.0473693981766701 0.0522744990885258 0.0487971007823944 0.0628751963376999 0.0408145003020763 0.0211335998028517 0.00989066995680332 0.0100039998069406 0.00830031000077724 0.0117293996736407 0.0128619996830821 0.0140829998999834 0.0161899998784065 0.0324921011924744 0.0180450994521379 0.0164883993566036 0.0121114999055862 0.00890958961099386 0.00813866965472698 0.0161883998662233 0.027071800082922 0.0279919002205133 0.37117800116539 -3.4e+38 -3.4e+38 -3.4e+38 -3.4e+38 -3.4e+38 -3.4e+38 -3.4e+38 -3.4e+38 -3.4e+38 -3.4e+38 -3.4e+38 -3.4e+38
0.206564992666245 0.29713898897171 0.0904072970151901 0.0695772022008896 0.0659912005066872 0.0832360982894897 0.0861207991838455 0.0878743976354599 0.0607746988534927 0.0652984976768494 0.0583742000162601 0.0963442996144295 0.0284084994345903 0.019845999777317 0.00928614009171724 0.0068911099806428 0.00843430031090975 0.00779434014111757 0.0076340502128005 0.00904913991689682 0.010249899700284 0.0117407003417611 0.0133399004116654 0.0188960004597902 0.0211548991501331 0.0187187008559704 0.026740999892354 0.0160316992551088 0.0122462995350361 0.0256331991404295 0.0314153991639614 0.0542105995118618 -3.4e+38 -3.4e+38 -3.4e+38 -3.4e+38 -3.4e+38 -3.4e+38 -3.4e+38 -3.4e+38 -3.4e+38 -3.4e+38 -3.4e+38 -3.4e+38
0.206908002495766 0.318397998809814 0.114367999136448 0.0878124982118607 0.0725751966238022 0.0710171982645988 0.102586999535561 0.125619992613792 0.0752492025494576 0.0639102980494499 0.0798505991697311 0.0732008963823318 0.0199324004352093 0.0164758991450071 0.00670178001746535 0.00650236010551453 0.00628201011568308 0.00669645983725786 0.00790080986917019 0.0124386996030807 0.0184243004769087 0.0154972998425364 0.019768200814724 0.0224996991455555 0.0340070016682148 0.0300159007310867 0.0321184992790222 0.0310197994112968 0.0178117007017136 0.0243772007524967 0.0408347994089127 0.0553818009793758 0.450507998466492 -3.4e+38 -3.4e+38 -3.4e+38 -3.4e+38 -3.4e+38 -3.4e+38 -3.4e+38 -3.4e+38 -3.4e+38 -3.4e+38 -3.4e+38
0.241028994321823 0.224572002887726 0.173611998558044 0.15777100622654 0.122933998703957 0.0734954029321671 0.0868090987205505 0.177824005484581 0.094725102186203 0.0561880990862846 0.108368001878262 0.0584130994975567 0.0248191002756357 0.0122777000069618 0.00515152001753449 0.00468041002750397 0.00546929007396102 0.00708096986636519 0.00609087012708187 0.0103256003931165 0.0181483998894691 0.0155172999948263 0.0168260000646114 0.0225770995020866 0.0334891006350517 0.0543173998594284 0.0407917015254498 0.023284699767828 0.0261626001447439 0.0243772007524967 0.0424534007906914 0.0769987031817436 0.379346996545792 0.360873997211456 -3.4e+38 -3.4e+38 -3.4e+38 -3.4e+38 -3.4e+38 -3.4e+38 -3.4e+38 -3.4e+38 -3.4e+38 -3.4e+38
0.258682996034622 0.271730989217758 0.271189004182816 0.310649991035461 0.265899002552032 0.109016999602318 0.0709066018462181 0.111195996403694 0.101406000554562 0.0807474032044411 0.104772001504898 0.0542602017521858 0.0274829994887114 0.00937865953892469 0.00585875986143947 0.00511940009891987 0.00576986977830529 0.0103195002302527 0.00642031012102962 0.00902407988905907 0.0130516001954675 0.0155881000682712 0.0175560005009174 0.0251423995941877 0.0365264005959034 0.0667029991745949 0.0872849971055984 0.0427848994731903 0.0431327000260353 0.0314096994698048 0.0508617013692856 0.131034001708031 0.243432998657227 0.402868986129761 0.335456013679504 -3.4e+38 -3.4e+38 -3.4e+38 -3.4e+38 -3.4e+38 -3.4e+38 -3.4e+38 -3.4e+38 -3.4e+38
0.200040996074677 0.150106996297836 0.16159300506115 0.160622000694275 0.280753999948502 0.135475993156433 0.0705865994095802 0.135000005364418 0.146939992904663 0.100124999880791 0.0932163000106812 0.0365572981536388 0.022265400737524 0.00722345011308789 0.00592804979532957 0.00589303020387888 0.00901591032743454 0.00678747985512018 0.00589889008551836 0.00821484997868538 0.0137385996058583 0.0167225003242493 0.0173119008541107 0.0222121998667717 0.0346058011054993 0.0354667007923126 0.0805533975362778 0.0480282008647919 0.0379361994564533 0.0377467013895512 0.0650144964456558 0.139238998293877 0.118538998067379 0.374363988637924 0.387511998414993 0.232344001531601 -3.4e+38 -3.4e+38 -3.4e+38 -3.4e+38 -3.4e+38 -3.4e+38 -3.4e+38 -3.4e+38
0.164260998368263 0.16159799695015 0.157592996954918 0.128444001078606 0.129847005009651 0.134808003902435 0.182959005236626 0.172154992818832 0.149694994091988 0.0720001980662346 0.0405113995075226 0.0184122994542122 0.00743990996852517 0.00689532002434134 0.00669200997799635 0.00643257983028889 0.00534472987055779 0.00753608997911215 0.00961132999509573 0.00759442010894418 0.00949131976813078 0.0121443998068571 0.0191616993397474 0.0191130992025137 0.0204214993864298 0.0286707002669573 0.0552572011947632 0.0518817007541656 0.0693539977073669 0.0627845972776413 0.0585012994706631 0.0872834026813507 0.149721994996071 0.220430999994278 0.359558999538422 0.318569004535675 -3.4e+38 -3.4e+38 -3.4e+38 -3.4e+38 -3.4e+38 -3.4e+38 -3.4e+38 -3.4e+38
0.162916004657745 0.173766002058983 0.174795001745224 0.131659999489784 0.127067998051643 0.127597004175186 0.144315004348755 0.172260001301765 0.123326003551483 0.0442208983004093 0.0298219993710518 0.0143616003915668 0.00716507993638515 0.00878014974296093 0.00887387990951538 0.00695925019681454 0.00596615020185709 0.00836256984621286 0.00958538986742496 0.00770915998145938 0.00877960957586765 0.0104804998263717 0.0254018995910883 0.0257168002426624 0.0186419002711773 0.0282563008368015 0.0362787991762161 0.0587948001921177 0.0653811022639275 0.0621803998947144 0.0630336031317711 0.0755006968975067 0.151922002434731 0.304884999990463 0.329697996377945 0.350111991167068 -3.4e+38 -3.4e+38 -3.4e+38 -3.4e+38 -3.4e+38 -3.4e+38 -3.4e+38 -3.4e+38
0.0301782004535198 0.0343637987971306 0.195554003119469 0.137439996004105 0.129954993724823 0.115073002874851 0.122833997011185 0.132669001817703 0.124222002923489 0.0551729016005993 0.0380703993141651 0.0155731998383999 0.00712615018710494 0.00624071015045047 0.00670729018747807 0.00567637989297509 0.00702147977426648 0.00613154983147979 0.00960099976509809 0.00720768980681896 0.00829225033521652 0.0125928996130824 0.0277493000030518 0.0255491994321346 0.0220232997089624 0.0303550008684397 0.0418683998286724 0.104932002723217 0.101876996457577 0.067465603351593 0.0718199014663696 0.0713991969823837 0.173029005527496 0.354627013206482 0.345854014158249 0.228562995791435 -3.4e+38 -3.4e+38 -3.4e+38 -3.4e+38 -3.4e+38 -3.4e+38 -3.4e+38 -3.4e+38
0.0673180967569351 0.0579999983310699 0.219337001442909 0.147661998867989 0.151191994547844 0.186114996671677 0.129691004753113 0.134133994579315 0.109596997499466 0.0759707987308502 0.0388876982033253 0.0110601000487804 0.00657365983352065 0.0071908300742507 0.00638826983049512 0.0052848900668323 0.00974828004837036 0.01021150033921 0.00894341990351677 -3.4e+38 -3.4e+38 -3.4e+38 -3.4e+38 0.0313057005405426 0.0269671995192766 0.0350471995770931 0.0416513010859489 0.106853999197483 0.0966671034693718 0.0850993990898132 0.0892983004450798 0.114284001290798 0.170130997896194 0.26860499382019 0.301214009523392 0.111294999718666 -3.4e+38 -3.4e+38 -3.4e+38 -3.4e+38 -3.4e+38 -3.4e+38 -3.4e+38 -3.4e+38
0.110330000519753 0.101957000792027 0.212105005979538 0.173820003867149 0.166406005620956 0.223794996738434 0.200541004538536 0.122432000935078 0.0651841014623642 0.0734888017177582 0.0455612987279892 0.00822999980300665 0.00646942015737295 0.00655467016622424 0.00562867010012269 0.00690218014642596 0.00903891026973724 0.01429140008986 0.011196400038898 0.0120818996801972 -3.4e+38 -3.4e+38 -3.4e+38 0.045745000243187 0.0309909004718065 0.027819000184536 0.0465212017297745 0.0930334031581879 0.0969192013144493 0.0906945019960403 0.106222003698349 0.107207000255585 0.18087899684906 0.253446012735367 0.261400014162064 -3.4e+38 -3.4e+38 -3.4e+38 -3.4e+38 -3.4e+38 -3.4e+38 -3.4e+38 -3.4e+38 -3.4e+38
0.132892996072769 0.129771992564201 0.334616988897324 0.282478988170624 0.229163005948067 0.173553004860878 0.179193004965782 0.111175999045372 0.0227389000356197 0.00655139004811645 0.0050438498146832 0.00533575005829334 0.00703339977189898 0.00750466994941235 0.00696856016293168 0.0081740403547883 0.0126962000504136 0.0272355992347002 0.0186839997768402 0.0237994007766247 0.0154668996110559 0.0135455001145601 -3.4e+38 -3.4e+38 0.050908699631691 0.0454267002642155 0.0335193984210491 0.0607300996780396 0.0720307007431984 0.0884762033820152 0.0974398031830788 -3.4e+38 0.211052998900414 0.268462002277374 0.27777698636055 -3.4e+38 -3.4e+38 -3.4e+38 -3.4e+38 -3.4e+38 -3.4e+38 -3.4e+38 -3.4e+38 -3.4e+38
0.139454007148743 0.136908993124962 0.10563600063324 0.279183000326157 0.20576399564743 0.102784000337124 0.113540001213551 0.0530468001961708 0.0140391001477838 0.00678178993985057 0.00502008991315961 0.00607545021921396 0.00771657004952431 0.00721646007150412 0.00741672981530428 0.0104758003726602 0.0201049000024796 0.0436801016330719 0.0303987991064787 0.0280974004417658 0.0190450996160507 0.016397800296545 0.0251802001148462 -3.4e+38 -3.4e+38 -3.4e+38 -3.4e+38 -3.4e+38 -3.4e+38 -3.4e+38 -3.4e+38 -3.4e+38 -3.4e+38 -3.4e+38 -3.4e+38 -3.4e+38 -3.4e+38 -3.4e+38 -3.4e+38 -3.4e+38 -3.4e+38 -3.4e+38 -3.4e+38 -3.4e+38
0.142288997769356 0.363193988800049 0.304657995700836 0.267174988985062 0.196805998682976 0.127709999680519 0.0729873031377792 0.0236012004315853 0.0131828999146819 0.0072129899635911 0.00730179017409682 0.00766280991956592 0.00808214023709297 0.00759259983897209 0.010088000446558 0.0177197996526957 0.0282662007957697 0.0406676009297371 -3.4e+38 0.0360798984766006 0.0208519008010626 0.0160166993737221 0.0289830006659031 -3.4e+38 -3.4e+38 -3.4e+38 -3.4e+38 -3.4e+38 -3.4e+38 -3.4e+38 -3.4e+38 -3.4e+38 -3.4e+38 -3.4e+38 -3.4e+38 -3.4e+38 -3.4e+38 -3.4e+38 -3.4e+38 -3.4e+38 -3.4e+38 -3.4e+38 -3.4e+38 -3.4e+38
0.156361997127533 0.125633001327515 0.0997470989823341 0.270621001720428 0.0995946973562241 0.052803598344326 0.0445770993828773 0.0288203991949558 0.015802500769496 0.0132368998602033 0.00844781007617712 0.00714336987584829 0.00942584965378046 0.00834811013191938 0.0113255996257067 -3.4e+38 -3.4e+38 -3.4e+38 -3.4e+38 0.0500763989984989 0.0249431002885103 0.0174330994486809 0.0420698001980782 -3.4e+38 -3.4e+38 -3.4e+38 -3.4e+38 -3.4e+38 -3.4e+38 -3.4e+38 -3.4e+38 -3.4e+38 -3.4e+38 -3.4e+38 -3.4e+38 -3.4e+38 -3.4e+38 -3.4e+38 -3.4e+38 -3.4e+38 -3.4e+38 -3.4e+38 -3.4e+38 -3.4e+38
0.240257993340492 0.325762987136841 0.309363007545471 0.291833013296127 0.228036999702454 0.197209998965263 0.0579008013010025 0.0264922007918358 0.0219982005655766 0.0141791999340057 0.0110697001218796 0.00719841010868549 0.0100137004628778 0.0101891998201609 -3.4e+38 -3.4e+38 -3.4e+38 -3.4e+38 -3.4e+38 0.0406895987689495 0.0318191982805729 0.0247761998325586 0.0443806014955044 -3.4e+38 -3.4e+38 -3.4e+38 -3.4e+38 -3.4e+38 -3.4e+38 -3.4e+38 -3.4e+38 -3.4e+38 -3.4e+38 -3.4e+38 -3.4e+38 -3.4e+38 -3.4e+38 -3.4e+38 -3.4e+38 -3.4e+38 -3.4e+38 -3.4e+38 -3.4e+38 -3.4e+38
