Sp_maps/Fauna_Cerrado/Cunizza_hirlanda_planasia.asc
NCOLS 186 
NROWS 224 
XLLCORNER -60.109416846 
YLLCORNER -24.68462619 
CELLSIZE 0.1 
NODATA_value -3.4e+38 
[rows 100 to 119 of 224, columns 132 to 175 of 186]
0.000142557997605763 0.000166864003404044 0.000281106011243537 0.000378438999177888 0.000576579011976719 0.00347093003802001 0.00589127000421286 0.0601186007261276 0.0440590009093285 0.0290389992296696 0.0214725006371737 0.0133413001894951 0.0126724997535348 0.0115256998687983 0.00941864028573036 0.00825408007949591 0.0060159801505506 0.00613259011879563 0.00223187007941306 0.00079320598160848 0.000499594025313854 0.00113718002103269 0.00116582005284727 0.00162587000522763 0.0012728200526908 0.00127294997218996 0.00134571001399308 0.00140148994978517 0.00181092997081578 0.00241035991348326 0.00152309995610267 0.00104641995858401 2.54242004302796e-05 1.3066200153844e-05 1.18505004138569e-05 1.71624997165054e-05 6.28480993327685e-05 -3.4e+38 -3.4e+38 -3.4e+38 -3.4e+38 -3.4e+38 -3.4e+38 -3.4e+38
0.000227135999011807 0.000224194998736493 0.000340831989888102 0.00055247702402994 0.000847022980451584 0.00176905002444983 0.00307285995222628 0.0664791986346245 0.0335717983543873 0.0261479001492262 0.0259346999228001 0.0218473002314568 0.0141478003934026 0.010181300342083 0.00960163958370686 0.00817237980663776 0.00600099982693791 0.00428764009848237 0.00197282992303371 0.00147500005550683 0.000920441991183907 0.00155478005763143 0.00147233996540308 0.00161569996271282 0.00198040995746851 0.00216012005694211 0.00231170002371073 0.0017604100285098 0.00250837998464704 0.0026583899743855 0.000416885013692081 3.50223017449025e-05 1.84424006874906e-05 1.07619998743758e-05 9.18261957849609e-06 1.04593000287423e-05 2.74608992185676e-05 3.54733992935508e-06 -3.4e+38 -3.4e+38 -3.4e+38 -3.4e+38 -3.4e+38 -3.4e+38
0.000658179982565343 0.000316483987262473 0.000304894987493753 0.00045385499834083 0.000505101983435452 0.000887199013959616 0.00136574998032302 0.0438154004514217 0.0488531999289989 0.0390761010348797 0.0321816988289356 0.0215082000941038 0.013854100368917 0.0121240001171827 0.0113759003579617 0.00906276982277632 0.00758461002260447 0.00636476976796985 0.00404587993398309 0.00309342006221414 0.00239167991094291 0.0024853500071913 0.00244601001031697 0.00288492999970913 0.00281568989157677 0.00304867001250386 0.00294165010564029 0.00363786006346345 0.00332363997586071 0.0013357000425458 3.40976985171437e-05 1.95878001250094e-05 1.17886002044543e-05 1.00990000646561e-05 7.08199013388366e-06 7.37739992473507e-06 6.54099994790158e-06 2.99512998935825e-06 -3.4e+38 -3.4e+38 -3.4e+38 -3.4e+38 -3.4e+38 -3.4e+38
0.00184044998604804 0.00107193004805595 0.000346179003827274 0.000426576007157564 0.000516136002261192 0.000981474993750453 0.00159646000247449 0.0789602994918823 0.0564724989235401 0.0441620014607906 0.0361871011555195 0.0264849998056889 0.0147949997335672 0.0150827001780272 0.0121384998783469 0.00996457040309906 0.0068359300494194 0.00865937024354935 0.00539168994873762 0.00413047010079026 0.00442404020577669 0.00365503993816674 0.00375487003475428 0.00387733010575175 0.00409859977662563 0.00376388989388943 0.00380282010883093 0.00292692007496953 0.00237678992561996 0.000562586006708443 4.18878989876248e-05 2.30172008741647e-05 1.49949000842753e-05 1.24634998428519e-05 8.08042022981681e-06 8.10299025033601e-06 5.01020986121148e-06 2.26362999455887e-06 -3.4e+38 -3.4e+38 -3.4e+38 -3.4e+38 -3.4e+38 -3.4e+38
0.00708311004564166 0.00713333999738097 0.000495413027238101 0.000540220004040748 0.0006328159943223 0.00135999999474734 0.00216826004907489 0.0881005972623825 0.0592097006738186 0.0427392981946468 0.0362620018422604 0.0231778007000685 0.0173477008938789 0.0164989996701479 0.01340870000422 0.0117333000525832 0.00789950974285603 0.00942161958664656 0.00553577998653054 0.00452783005312085 0.00523464009165764 0.00576950004324317 0.00441571976989508 0.00467809988185763 0.00451905000954866 0.00411448022350669 0.00416202982887626 0.00356608000583947 0.00122956000268459 0.000228099001105875 5.01817012263928e-05 3.1848900107434e-05 1.97114004549803e-05 1.4278100024967e-05 1.10277997009689e-05 8.33181002235506e-06 7.428970093315e-06 -3.4e+38 -3.4e+38 -3.4e+38 -3.4e+38 -3.4e+38 -3.4e+38 -3.4e+38
0.0134709998965263 0.0319457985460758 0.0193345006555319 0.00128714996390045 0.0021026199683547 0.00431422982364893 0.00221042009070516 0.117067001760006 0.0678082033991814 0.0516922995448112 0.0437105000019073 0.0336938016116619 0.0204982999712229 0.0156626999378204 0.0145033998414874 0.0119418995454907 0.00822219997644424 0.0124244000762701 0.01113719958812 0.00857414025813341 0.00732153002172709 0.00776214012876153 0.0062877400778234 0.00530847022309899 0.00646323012188077 0.00544187007471919 0.00467333011329174 0.00334178004413843 0.00140208995435387 0.00102901994250715 0.000626190972980112 9.44277999224141e-05 3.98322008550167e-05 3.26295012200717e-05 1.99916994461091e-05 1.75165005202871e-05 1.10216997200041e-05 -3.4e+38 -3.4e+38 -3.4e+38 -3.4e+38 -3.4e+38 -3.4e+38 -3.4e+38
0.0487985014915466 0.0165788996964693 0.0202808994799852 0.00507918000221252 0.0131668001413345 0.0236083995550871 0.00666560977697372 0.0541955009102821 0.0690731033682823 0.060972798615694 0.0433619990944862 0.0353058017790318 0.020906500518322 0.0164279006421566 0.0126163996756077 0.010657399892807 0.00960327964276075 0.0130514996126294 0.0114318002015352 0.0100311003625393 0.00934019032865763 0.00579024013131857 0.00553956022486091 0.00330689991824329 0.00302892993204296 0.00417653005570173 0.00455080019310117 0.00142119999509305 0.000536173000000417 0.000302541011478752 0.000153298999066465 0.000111237000965048 5.9927100664936e-05 4.88680016133003e-05 3.32288982463069e-05 2.09581994567998e-05 -3.4e+38 -3.4e+38 -3.4e+38 -3.4e+38 -3.4e+38 -3.4e+38 -3.4e+38 -3.4e+38
0.00861756037920713 0.00584192015230656 0.0118148997426033 0.0109254997223616 0.0185793004930019 0.0320401005446911 0.0133285997435451 0.126791000366211 0.0862800031900406 0.0578198991715908 0.0486214011907578 0.0396423004567623 0.0195748992264271 0.017025800421834 0.015247399918735 0.0113685000687838 0.0204280000180006 0.0113626997917891 0.0105211995542049 0.006700050085783 0.0044493698514998 0.00456984993070364 0.00252861995249987 0.00252722995355725 0.00409092986956239 0.00369787006638944 0.00482839019969106 0.00101189000997692 0.000589533010497689 0.0002977859985549 0.000205591000849381 0.000162488999194466 0.00011821799853351 8.81855012266897e-05 5.14601997565478e-05 2.31873000302585e-05 -3.4e+38 -3.4e+38 -3.4e+38 -3.4e+38 -3.4e+38 -3.4e+38 -3.4e+38 -3.4e+38
0.00297244009561837 0.044871598482132 0.00776585983112454 0.00895504001528025 0.0127592999488115 0.0203561000525951 0.025322699919343 0.14198100566864 0.0946972966194153 0.0710669010877609 0.047816701233387 0.0368391014635563 0.0220918003469706 0.0193250998854637 0.0148868998512626 0.00977937038987875 0.0156273003667593 0.00800803955644369 0.00713824015110731 0.00824953988194466 0.00525473989546299 0.00373217999003828 0.00211450993083417 0.00159511005040258 0.00290346005931497 0.00312968995422125 0.00425799982622266 0.00202353997156024 0.00124291004613042 0.000461343006463721 0.000266623013885692 0.000237329004448839 0.000304407003568485 0.000183625001227483 6.65979969198816e-05 2.62857993220678e-05 -3.4e+38 -3.4e+38 -3.4e+38 -3.4e+38 -3.4e+38 -3.4e+38 -3.4e+38 -3.4e+38
0.00350332004018128 0.01235940027982 0.00358790997415781 0.00302797998301685 0.00389576004818082 0.0137195996940136 0.0148093998432159 0.144996002316475 0.104758001863956 0.0621384009718895 0.042960599064827 0.0374689996242523 0.0218349006026983 0.015990300104022 0.0108978003263474 0.010173300281167 0.0140151996165514 0.0087381899356842 0.00580311007797718 0.00495128007605672 0.00578363006934524 0.00484880013391376 0.00306778005324304 0.000958724995143712 0.0010652500204742 0.00287310988642275 0.00322643993422389 0.00179856002796441 0.00161879998631775 0.00076596497092396 0.000252861995249987 0.000230749006732367 0.000406809005653486 0.000262371991993859 8.83789980434813e-05 -3.4e+38 -3.4e+38 -3.4e+38 -3.4e+38 -3.4e+38 -3.4e+38 -3.4e+38 -3.4e+38 -3.4e+38
0.00371999992057681 0.00936765968799591 0.000809701974503696 0.000939632998779416 0.00199962011538446 0.00839500036090612 0.00606067012995481 0.0435106009244919 0.0863808020949364 0.073683500289917 0.0413795001804829 0.0268948003649712 0.0176536999642849 0.0136200003325939 0.0202029999345541 0.0179108995944262 0.0136997001245618 0.0102521004155278 0.0089196003973484 0.00801206007599831 0.00435640010982752 0.00301796989515424 0.00327415997162461 0.00238623004406691 0.000802278984338045 0.000346335989888757 0.000134254005388357 5.58858009753749e-05 0.000127815001178533 0.000130001993966289 0.000169765000464395 0.000228036005864851 0.000378908007405698 0.000313608004944399 0.000137558003189042 -3.4e+38 -3.4e+38 -3.4e+38 -3.4e+38 -3.4e+38 -3.4e+38 -3.4e+38 -3.4e+38 -3.4e+38
0.075460396707058 0.0195732992142439 0.000609526003245264 0.000546469993423671 0.000760335009545088 0.00154003000352532 0.00444089993834496 0.126611992716789 0.099421001970768 0.0567143000662327 0.0377171002328396 0.031488798558712 0.0165529008954763 0.0133993001654744 0.0213325005024672 0.0154058998450637 0.0129648996517062 0.00740421004593372 0.00405385019257665 0.00317258993163705 0.00435842992737889 0.00370968994684517 0.00408765021711588 0.00171505997423083 0.000825270020868629 0.000831548997666687 0.000354746007360518 0.000196961002075113 0.00055213097948581 0.000580442021600902 0.000353159994119778 0.000810172001365572 0.000327949994243681 0.000183771000592969 0.000123600999359041 8.00721973064356e-05 -3.4e+38 -3.4e+38 -3.4e+38 -3.4e+38 -3.4e+38 -3.4e+38 -3.4e+38 -3.4e+38
0.0046633998863399 0.00178243999835104 0.000458869995782152 0.0005191849777475 0.000683225982356817 0.00162651995196939 0.00463776011019945 0.138881996273994 0.108147002756596 0.0643950030207634 0.0443576015532017 0.0299625005573034 0.0117135001346469 0.0107204997912049 0.0146019998937845 0.0113503001630306 0.0086074098944664 0.00413976982235909 0.0058204298838973 0.00532265985384583 0.00482248980551958 0.00306854001246393 0.00320546003058553 0.00337946997024119 0.00313631002791226 0.00235552992671728 0.00138770998455584 0.00102917000185698 0.00206029997207224 0.00293087004683912 0.00120066001545638 0.00264188996516168 0.000198762994841672 0.00013422200572677 0.000113324000267312 -3.4e+38 -3.4e+38 -3.4e+38 -3.4e+38 -3.4e+38 -3.4e+38 -3.4e+38 -3.4e+38 -3.4e+38
0.0327503010630608 0.00310972006991506 0.000900488987099379 0.000892786018084735 0.00140095001552254 0.00389471999369562 0.00645116018131375 0.0880971997976303 0.111121997237206 0.0579227991402149 0.0331267006695271 0.0274139996618032 0.0162323005497456 0.0137342000380158 0.0167101006954908 0.0146880000829697 0.0122405998408794 0.00782174989581108 0.00458357995375991 0.00290374993346632 0.00315508991479874 0.00324541004374623 0.00665768980979919 0.00478493003174663 0.00431087985634804 0.000595684978179634 0.000517218024469912 0.00196263007819653 0.00396031979471445 0.00365874008275568 0.00457304995507002 0.00625495007261634 0.000143843004480004 0.000110366003355011 8.88834983925335e-05 -3.4e+38 -3.4e+38 -3.4e+38 -3.4e+38 -3.4e+38 -3.4e+38 -3.4e+38 -3.4e+38 -3.4e+38
0.00744511000812054 0.0297075007110834 0.000993496971204877 0.0017023499822244 0.00195138994604349 0.00331122009083629 0.00748438015580177 0.148927003145218 0.0859581977128983 0.0611193999648094 0.0483072996139526 0.0366787984967232 0.018945200368762 0.0272045992314816 0.0185269005596638 0.00912037957459688 0.00563524989411235 0.00378561997786164 0.00397705007344484 0.00506348023191094 0.00658782012760639 0.0050733401440084 0.00395039981231093 0.00345828011631966 0.00266151991672814 0.00144583999644965 0.00208992999978364 0.0036771500017494 0.0063612898811698 0.00452652014791965 0.00474774977192283 0.00244318996556103 9.19849990168586e-05 9.09559967112727e-05 8.10411002021283e-05 -3.4e+38 -3.4e+38 -3.4e+38 -3.4e+38 -3.4e+38 -3.4e+38 -3.4e+38 -3.4e+38 -3.4e+38
0.0762524008750916 0.00109933002386242 0.000991655979305506 0.00145310000516474 0.00271597993560135 0.00767316017299891 0.0261464007198811 0.157070994377136 0.124863997101784 0.0894884988665581 0.0397385992109776 0.0337752997875214 0.0244894996285439 0.0262077990919352 0.0152799999341369 0.0145618002861738 0.0133333997800946 0.0110275996848941 0.0120106004178524 0.00616428023204207 0.00456961011514068 0.00367665011435747 0.00562467984855175 0.00639508990570903 0.00572771020233631 0.00350856990553439 0.00341864000074565 0.00489781005308032 0.00495473016053438 0.000922102015465498 0.000195572007214651 0.000123510995763354 8.24513990664855e-05 6.22817969997413e-05 8.71184965944849e-05 -3.4e+38 -3.4e+38 -3.4e+38 -3.4e+38 -3.4e+38 -3.4e+38 -3.4e+38 -3.4e+38 -3.4e+38
0.00355149991810322 0.00102891004644334 0.001282750046812 0.00144023995380849 0.00180979003198445 0.00738622015342116 0.0503530986607075 0.147319003939629 0.0779490992426872 0.0635022968053818 0.0639323964715004 0.0580267012119293 0.0457575991749763 0.0374167002737522 0.0300884991884232 0.0184739008545876 0.00955178029835224 0.00465871999040246 0.00420087017118931 0.00381149002350867 0.00277996994554996 0.00387487001717091 0.00491251982748508 0.00322809000499547 0.00425019999966025 0.00389361009001732 0.00484899990260601 0.00194256997201592 0.000984095968306065 0.000263416004600003 0.000169277001987211 0.000120707001769915 9.4047500169836e-05 7.30082974769175e-05 8.19413035060279e-05 -3.4e+38 -3.4e+38 -3.4e+38 -3.4e+38 -3.4e+38 -3.4e+38 -3.4e+38 -3.4e+38 -3.4e+38
0.00163040996994823 0.000941877020522952 0.00237704999744892 0.00392798986285925 0.00374815007671714 0.0279860999435186 0.0622732006013393 0.141167998313904 0.130888998508453 0.119506999850273 0.0885414034128189 0.0591844990849495 0.0624141991138458 0.0347480997443199 0.0253452006727457 0.0140420999377966 0.0110972002148628 0.00871856976300478 0.00591178005561233 0.00372456992045045 0.0037159901112318 0.0041729100048542 0.00209103990346193 0.00236781989224255 0.00378358992747962 0.00265335990116 0.00343111995607615 0.000765024975407869 0.000452459004009143 0.000284353998722509 0.000161746997036971 0.000139908006531186 8.60349027789198e-05 7.56544977775775e-05 8.78034989000298e-05 0.000163638003868982 -3.4e+38 -3.4e+38 -3.4e+38 -3.4e+38 -3.4e+38 -3.4e+38 -3.4e+38 -3.4e+38
0.00146805995609611 0.00142687000334263 0.00326406001113355 0.00545105990022421 0.0121582997962832 0.0704030990600586 0.0776185020804405 0.173025995492935 0.154414996504784 0.136521995067596 0.093951903283596 0.0715382024645805 0.044963400810957 0.031325601041317 0.0256423000246286 0.0230168998241425 0.0215732008218765 0.0097595201805234 0.00603393977507949 0.00541154993698001 0.00488332007080317 0.00224874005652964 0.000894961995072663 0.00125950004439801 0.00185955001506954 0.00199423008598387 0.00135260005481541 0.000497823988553137 0.000340522004989907 0.000253431993769482 0.000148564999108203 0.000102561003586743 6.89367006998509e-05 7.96138992882334e-05 0.000100623998150695 0.000133156005176716 -3.4e+38 -3.4e+38 -3.4e+38 -3.4e+38 -3.4e+38 -3.4e+38 -3.4e+38 -3.4e+38
0.00146840000525117 0.00200999993830919 0.00295085995458066 0.00420271977782249 0.00742190005257726 0.0360628999769688 0.073218896985054 0.0516379997134209 0.0638201981782913 0.13502399623394 0.113485001027584 0.0714048966765404 0.063852496445179 0.0390436984598637 0.0384630002081394 0.0299529992043972 0.0213405005633831 0.013086000457406 0.0126320002600551 0.0127905001863837 0.00596361001953483 0.00124865001998842 0.000715264002792537 0.000544546986930072 0.000777699984610081 0.00109446002170444 0.000370035006199032 0.000276122998911887 0.000339640013407916 0.000213079998502508 0.000134475994855165 0.000127307997900061 6.22205989202484e-05 6.9658097345382e-05 0.000120422999316361 0.000141487005748786 -3.4e+38 -3.4e+38 -3.4e+38 -3.4e+38 -3.4e+38 -3.4e+38 -3.4e+38 -3.4e+38
