Sp_maps/Fauna_Cerrado/Cunizza_hirlanda_planasia.asc
NCOLS 186 
NROWS 224 
XLLCORNER -60.109416846 
YLLCORNER -24.68462619 
CELLSIZE 0.1 
NODATA_value -3.4e+38 
[rows 140 to 159 of 224, columns 88 to 131 of 186]
0.016202500090003 0.090309701859951 0.0522715002298355 0.0292236991226673 0.0117897000163794 0.00857639964669943 0.0060367900878191 0.0529659986495972 0.026570999994874 0.0133549002930522 0.0210810992866755 0.0754818990826607 0.0706655979156494 0.154502004384995 0.15370699763298 0.126028001308441 0.0767083987593651 0.179544001817703 0.218696996569633 0.152248993515968 0.166549995541573 0.318055003881454 0.288127988576889 0.35130101442337 0.593622028827667 0.555725991725922 0.521688997745514 0.428824990987778 0.384283989667892 0.445001006126404 0.442505985498428 0.296992987394333 0.234993994235992 0.21611599624157 0.250050991773605 0.218392997980118 0.22927300632 0.241668000817299 0.248393997550011 0.268572002649307 0.261777013540268 0.186471000313759 0.342496007680893 0.0734665021300316
0.0175490994006395 0.0373091995716095 0.025645799934864 0.0180321000516415 0.0141179002821445 0.0308404006063938 0.0101400995627046 0.0215904004871845 0.00889340974390507 0.00995680969208479 0.0160894002765417 0.0573314018547535 0.0452567003667355 0.116875998675823 0.0956420004367828 0.0767875984311104 0.0568505004048347 0.0743376985192299 0.0916386991739273 0.12049800157547 0.106694996356964 0.190525993704796 0.19208399951458 0.299273997545242 0.511722981929779 0.47707599401474 0.425448000431061 0.446776986122131 0.379877001047134 0.310081988573074 0.384665012359619 0.30324000120163 0.19760100543499 0.153485998511314 0.195219993591309 0.166279003024101 0.176583006978035 0.204438000917435 0.198034003376961 0.208104997873306 0.274058997631073 0.294447004795074 0.303418010473251 0.226398006081581
0.0365055985748768 0.0302283000200987 0.0285583008080721 0.0196729991585016 0.0153262997046113 0.0246312990784645 0.0313005000352859 0.00971162971109152 0.00782380998134613 0.0162333995103836 0.025220500305295 0.0478876009583473 0.0424020998179913 0.0740422010421753 0.0851384028792381 0.0519593991339207 0.0431418009102345 0.077375203371048 0.088780902326107 0.0879651978611946 0.092550702393055 0.121808998286724 0.175923004746437 0.280860990285873 0.39690300822258 0.359634011983871 0.294591009616852 0.260390013456345 0.266270995140076 0.219812005758286 0.251747995615005 0.263195991516113 0.177520006895065 0.142331004142761 0.148250997066498 0.152033999562263 0.140279993414879 0.19378599524498 0.19812199473381 0.18181499838829 0.181999996304512 0.126168996095657 0.124596998095512 0.127479001879692
0.0803302973508835 0.045031301677227 0.0587444007396698 0.039444200694561 0.041032500565052 0.0167164001613855 0.0558083988726139 0.0991349965333939 0.026842400431633 0.0112961996346712 0.0241094995290041 0.0289677996188402 0.0382080003619194 0.0521859005093575 0.0574387982487679 0.0407183989882469 0.034441601485014 0.0424025990068913 0.0567418001592159 0.0855683982372284 0.105276003479958 0.0760802030563354 0.131400004029274 0.187721997499466 0.25177401304245 0.255832999944687 0.334619998931885 0.247207999229431 0.183853998780251 0.168161004781723 0.15081299841404 0.193072006106377 0.159923002123833 0.0936682969331741 0.130080997943878 0.0997378975152969 0.144576996564865 0.185027003288269 0.180154994130135 0.169713005423546 0.0779960006475449 0.189893007278442 0.105267003178596 0.114283002912998
0.0821264013648033 0.0234514009207487 0.120155997574329 0.0733778029680252 0.0466228015720844 0.0230157002806664 0.0544504001736641 0.124108999967575 0.0451848991215229 0.0134356999769807 0.0314689017832279 0.0257620997726917 0.0345802009105682 0.0492766983807087 0.0402561984956264 0.0371022000908852 0.0325515009462833 0.039954200387001 0.0636145025491714 0.106896996498108 0.0873704999685287 0.0734357982873917 0.081209197640419 0.0947647020220757 0.1285640001297 0.165462002158165 0.299329996109009 0.280454009771347 0.210307002067566 0.202920004725456 0.140231996774673 0.104809999465942 0.100876003503799 0.0805241018533707 0.0870212018489838 0.0703260973095894 0.21000200510025 0.304664999246597 0.228582993149757 0.149890005588531 0.150536999106407 0.0719129964709282 0.0861241966485977 0.0795625001192093
0.078929603099823 0.0263717006891966 0.0622624009847641 0.130476996302605 0.109200000762939 0.0454704016447067 0.0316627994179726 0.0560914985835552 0.0726722031831741 0.0941236987709999 0.0281358994543552 0.021815400570631 0.0303783006966114 0.0176878999918699 0.0194633007049561 0.0272768996655941 0.0198689997196198 0.0274785999208689 0.0348180010914803 0.0736948028206825 0.0816408023238182 0.0721701011061668 0.0439752005040646 0.0517706982791424 0.10003499686718 0.128380998969078 0.221709996461868 0.127219006419182 0.143963992595673 0.127430006861687 0.134994998574257 0.0751150026917458 0.0609676986932755 0.0622888989746571 0.070243701338768 0.0529653988778591 0.225244998931885 0.203445002436638 0.166335001587868 0.0574924983084202 0.0529511012136936 0.0471099987626076 0.0548839010298252 0.0432870984077454
0.11642599850893 0.0365619994699955 0.101402997970581 0.135227993130684 0.127565994858742 0.149247005581856 0.0477594994008541 0.0475248992443085 0.0664926022291183 0.0743163973093033 0.0323651991784573 0.037883598357439 0.0263886991888285 0.016575999557972 0.0215908996760845 0.0236105993390083 0.0174639001488686 0.0621229000389576 0.0369729995727539 0.0720062032341957 0.0951377004384995 0.10079699754715 0.044064000248909 0.0367982983589172 0.0664051994681358 0.0706662982702255 0.13145600259304 0.120658002793789 0.0862585008144379 0.0814910009503365 0.0952147990465164 0.0427081994712353 0.0292435996234417 0.0431796982884407 0.0376304015517235 0.0322175994515419 0.139430999755859 0.132776007056236 0.0961086004972458 0.0357540994882584 0.0389017015695572 0.0390603989362717 0.0388804003596306 0.0528033003211021
0.0803114995360374 0.0419789999723434 0.0985404998064041 0.167913004755974 0.074482299387455 0.0965041965246201 0.0612374991178513 0.0456813983619213 0.0585997998714447 0.0560306012630463 0.0236767008900642 0.0437921993434429 0.0244475994259119 0.0129536995664239 0.0133988996967673 0.018232099711895 0.0180709008127451 0.0223575998097658 0.0252387002110481 0.0896904990077019 0.0446465983986855 0.06630689650774 0.0306697990745306 0.0311527997255325 0.0451405011117458 0.0678571984171867 0.0710138976573944 0.0640048012137413 0.0477058999240398 0.0588498003780842 0.065801702439785 0.0343304984271526 0.0145303998142481 0.0235680006444454 0.0202648006379604 0.0280510000884533 0.0520589984953403 0.0730509012937546 0.0344690009951591 0.0331236012279987 0.0282244998961687 0.0279191005975008 0.0310350991785526 0.0452350005507469
0.0557994991540909 0.211458995938301 0.198551997542381 0.127362996339798 0.0648377016186714 0.0688826963305473 0.0516242012381554 0.0323070995509624 0.043351199477911 0.0477090999484062 0.0265692993998528 0.02029649913311 0.0117244999855757 0.0123052000999451 0.0148045001551509 0.0265689995139837 0.0127103999257088 0.012534299865365 0.0285193994641304 0.0665944963693619 0.0765921995043755 0.0374880991876125 0.0249138996005058 0.0277868993580341 0.0414690002799034 0.0638886988162994 0.0311328005045652 0.0258294995874166 0.0394678004086018 0.0322971008718014 0.0387666001915932 0.0118794003501534 0.00950838997960091 0.0125139001756907 0.0135626997798681 0.0238997004926205 0.0493941009044647 0.0401771999895573 0.0694502964615822 0.0225591007620096 0.0222878009080887 0.0165454000234604 0.0194166004657745 0.0217828005552292
0.181389003992081 0.244724005460739 0.227800995111465 0.169871002435684 0.0884298011660576 0.0662027969956398 0.035979300737381 0.0271550007164478 0.0263975001871586 0.035174299031496 0.0266047995537519 0.0130353001877666 0.00933855026960373 0.0112674999982119 0.0151137998327613 0.0368986018002033 0.0100309997797012 0.00891217961907387 0.0141021003946662 0.0600169003009796 0.0573518015444279 0.0227777007967234 0.0161180999130011 0.0231347996741533 0.0286104008555412 0.0291620995849371 0.0310960002243519 0.0122504997998476 0.0151121001690626 0.0149526000022888 0.0190491992980242 0.0062551898881793 0.00563688017427921 0.00630250014364719 0.0146623998880386 0.0257325004786253 0.0552630014717579 0.0496320985257626 0.0581514984369278 0.0223625004291534 0.0177605003118515 0.0171840004622936 0.00919994991272688 0.00711954012513161
0.247321993112564 0.197432994842529 0.163586005568504 0.135229006409645 0.141405999660492 0.101552002131939 0.0526540987193584 0.0198094993829727 0.0153117002919316 0.0150785995647311 0.0139317000284791 0.00789850018918514 0.00665980996564031 0.00760337989777327 0.00941759999841452 0.00852072983980179 0.00936115998774767 0.0127956001088023 0.0260911006480455 0.0508754998445511 0.0238943994045258 0.0126114999875426 0.0179657004773617 0.0421427004039288 0.0191053003072739 0.0122255999594927 0.0121633997187018 0.00715730991214514 0.00391141977161169 0.00634428020566702 0.00218803994357586 0.00154961994849145 0.00411366997286677 0.00836749002337456 0.0217957999557257 0.0354201011359692 0.0418201014399529 0.0517956018447876 0.0441026017069817 0.0182199999690056 0.0267015993595123 0.0554207004606724 0.011455399915576 0.00797608029097319
0.283470004796982 0.236349001526833 0.226695999503136 0.195996001362801 0.172766998410225 0.161019995808601 0.0386255010962486 0.0267210993915796 0.0135262999683619 0.0142949000000954 0.0112629998475313 0.00708165997639298 0.00631400011479855 0.00500485021620989 0.00543024996295571 0.00629490986466408 0.0159400999546051 0.00873077008873224 0.0193287003785372 0.0349971987307072 0.0244340002536774 0.0148369995877147 0.0276855994015932 0.0327390991151333 0.016456900164485 0.00885500013828278 0.00597622990608215 0.00734663987532258 0.00265811011195183 0.00433696992695332 0.00105098995845765 0.00116014003288001 0.00373013992793858 0.00713405013084412 0.0202540997415781 0.0303111001849174 0.0398861989378929 0.0343393981456757 0.0149424998089671 0.0191721990704536 0.0375301986932755 0.0810651034116745 0.0517963990569115 0.0116180004552007
0.23997999727726 0.22945399582386 0.223860993981361 0.17451399564743 0.152048006653786 0.135655999183655 0.0874447971582413 0.0223546996712685 0.0153096998110414 0.0150266997516155 0.0102228997275233 0.00596700981259346 0.00516737997531891 0.0109626995399594 0.0128140999004245 0.0120264999568462 0.00740094995126128 0.00802257005125284 0.0135265002027154 0.0155226001515985 0.0145784001797438 0.0118206003680825 0.0140354996547103 0.0154069997370243 0.0077355201356113 0.00743186008185148 0.00465455977246165 0.0036775900516659 0.00214748992584646 0.00133410003036261 0.000598691985942423 0.0017428599530831 0.00292815989814699 0.00267003988847136 0.0108826002106071 0.0183128993958235 0.0304959993809462 0.0385930985212326 0.0511953011155128 0.128769993782043 0.0643920972943306 0.0796604007482529 0.0787781998515129 0.0198395997285843
0.219369992613792 0.21042600274086 0.191332995891571 0.172654002904892 0.143968001008034 0.163056999444962 0.0330238007009029 0.0332632996141911 0.027419300749898 0.0149699002504349 0.0218481998890638 0.0127279004082084 0.0100357998162508 0.0113078001886606 0.00860236026346684 0.00845686998218298 0.00888463016599417 0.00981315970420837 0.043384101241827 0.0145723996683955 0.0105876000598073 0.0103979995474219 0.0188400000333786 0.0190913993865252 0.00888985954225063 0.00464180018752813 0.00653258012607694 0.00273010996170342 0.00199987995438278 0.000741165014915168 0.000696521019563079 0.00152108003385365 0.000711582018993795 0.0028115299064666 0.00602546008303761 0.0162461008876562 0.0333517007529736 0.0106685003265738 0.0922276973724365 0.0516281984746456 0.0665763989090919 0.0927338004112244 0.0394200012087822 0.0167689993977547
0.21790799498558 0.215504005551338 0.159503996372223 0.151474997401237 0.17399300634861 0.130772992968559 0.0705875977873802 0.0475802011787891 0.030452199280262 0.0211539994925261 0.0221181008964777 0.010606599971652 0.0103256003931165 0.00786400958895683 0.00992265995591879 0.0129083003848791 0.0109046995639801 0.0123690003529191 0.0442133992910385 0.00717638013884425 0.00919840019196272 0.0173774007707834 0.0244257003068924 0.0369357988238335 0.0209656003862619 0.00475110020488501 0.00790293980389833 0.00309202005155385 0.00203491002321243 0.00137316004838794 0.00130163005087525 0.000786162971053272 0.000492654973641038 0.00166602001991123 0.00613286020234227 0.0160204991698265 0.0518740005791187 0.0118493000045419 0.173649996519089 0.054822601377964 0.0514845997095108 0.0934401974081993 0.0217546001076698 0.0132237002253532
0.130667999386787 0.137349992990494 0.165724992752075 0.134195998311043 0.102172002196312 0.0890059992671013 0.052989698946476 0.0382913015782833 0.0265736002475023 0.0166634991765022 0.0158443991094828 0.00889632012695074 0.0106845004484057 0.0124840997159481 0.0120331002399325 0.0315863005816936 0.0688536018133163 0.0498224012553692 0.0092360395938158 0.00476901000365615 0.0118143996223807 0.0933543965220451 0.0347024984657764 0.0103903003036976 0.0125072002410889 0.00420214980840683 0.011595300398767 0.00664891023188829 0.00417322013527155 0.00418362021446228 0.00408334983512759 0.00227851001545787 0.00253253011032939 0.00373213994316757 0.00913644954562187 0.0265229996293783 0.0608888007700443 0.0837365984916687 0.228590995073318 0.0481574982404709 0.0335919000208378 0.149502992630005 0.063052698969841 0.0267561003565788
0.112228997051716 0.103299997746944 0.144591003656387 0.135291993618011 0.0966266021132469 0.0758576020598412 0.081426702439785 0.0533583015203476 0.0347226001322269 0.0217415001243353 0.0135794999077916 0.00893684010952711 0.0108944997191429 0.0116133000701666 0.0187791995704174 0.0221509002149105 0.0312421005219221 0.0287057999521494 0.00750228995457292 0.00403551990166306 0.0199494995176792 0.0512591004371643 0.0322150997817516 0.00936284009367228 -3.4e+38 0.00436685001477599 0.0100683001801372 0.00477703008800745 0.00644666003063321 0.0128169003874063 0.013425899669528 0.0063374200835824 0.00582375982776284 0.0149130998179317 0.0210229996591806 0.052471000701189 0.0911893993616104 0.0432890988886356 0.069991298019886 0.0576770007610321 0.0484857000410557 0.163352996110916 0.0505761988461018 0.0260419007390738
0.0132748996838927 0.0981921032071114 0.112193003296852 0.15497300028801 0.139677003026009 0.126307994127274 0.0709244981408119 0.0470502004027367 0.0377972014248371 0.0233615003526211 0.0182624999433756 0.00704735983163118 0.00721913017332554 0.0115031003952026 0.0154184997081757 0.0153775997459888 0.0233047995716333 0.0427507981657982 0.00810655020177364 0.00503444019705057 0.0290185995399952 -3.4e+38 0.027573000639677 -3.4e+38 -3.4e+38 -3.4e+38 0.00709755020216107 0.00357886007986963 0.00854661036282778 0.0132582001388073 0.0171670001000166 0.0141310002654791 0.032166201621294 0.0525333993136883 0.0916664004325867 0.156014993786812 0.129491999745369 0.0113583002239466 0.0701965987682343 0.0702347010374069 0.0509287007153034 0.112052001059055 0.10683099925518 0.0880056023597717
0.0119882998988032 0.0133849000558257 0.0645805969834328 0.128326997160912 0.1389299929142 0.173072993755341 0.136738002300262 0.0606454983353615 0.0631960034370422 0.0445326007902622 0.0239885002374649 0.00775250000879169 0.00611515017226338 0.00724120996892452 0.00853658001869917 0.0144589003175497 0.0269185993820429 -3.4e+38 0.00659258011728525 0.00727648986503482 0.0297771003097296 -3.4e+38 0.0450217984616756 -3.4e+38 -3.4e+38 -3.4e+38 -3.4e+38 0.00690056988969445 0.0106434002518654 0.0190584994852543 0.0139667000621557 0.0301334001123905 0.0803160965442657 0.160609006881714 0.261550009250641 0.28413200378418 0.00754225021228194 0.0556633993983269 0.0770400017499924 0.0710091963410378 0.0437477007508278 0.0510173998773098 0.147655993700027 0.0744258984923363
0.00930790975689888 0.0106816003099084 0.051162701100111 0.0172505993396044 0.142045006155968 0.085029199719429 0.102109998464584 0.0823159962892532 0.0612898990511894 0.0503257997334003 -3.4e+38 -3.4e+38 0.00503998016938567 0.00956232007592916 0.0186605006456375 0.021076800301671 -3.4e+38 -3.4e+38 0.00355128990486264 0.0144255999475718 0.034469299018383 -3.4e+38 0.0132572995498776 -3.4e+38 -3.4e+38 -3.4e+38 -3.4e+38 -3.4e+38 -3.4e+38 0.00575267989188433 0.0116539997979999 0.0114796003326774 0.114753000438213 0.214642003178596 0.310728013515472 0.265951007604599 0.0134156998246908 0.0414688996970654 0.0419973991811275 0.0581787005066872 0.0769667029380798 0.0582435987889767 0.129771992564201 0.127471998333931
