Sp_maps/Fauna_Cerrado/Cunizza_hirlanda_planasia.asc
NCOLS 186 
NROWS 224 
XLLCORNER -60.109416846 
YLLCORNER -24.68462619 
CELLSIZE 0.1 
NODATA_value -3.4e+38 
[rows 100 to 119 of 224, columns 0 to 43 of 186]
-3.4e+38 -3.4e+38 -3.4e+38 0.142556995153427 0.100911997258663 0.0655732005834579 0.0630443021655083 0.0351650007069111 0.0281920991837978 0.0145231997594237 0.0161410998553038 0.0143921999260783 0.0101415002718568 0.00626272009685636 0.00564701016992331 0.00419883010908961 0.00256834994070232 0.00188861996866763 0.00216964003629982 0.00191418000031263 0.00139684998430312 -3.4e+38 -3.4e+38 -3.4e+38 -3.4e+38 -3.4e+38 -3.4e+38 -3.4e+38 -3.4e+38 -3.4e+38 -3.4e+38 -3.4e+38 -3.4e+38 -3.4e+38 -3.4e+38 -3.4e+38 -3.4e+38 -3.4e+38 7.79417969170026e-05 0.000114993003080599 0.000111355999251828 9.67458036029711e-05 -3.4e+38 -3.4e+38
-3.4e+38 -3.4e+38 0.164644002914429 0.149241998791695 0.0948676019906998 0.0533903017640114 0.0437113009393215 0.0302770007401705 0.0264665000140667 0.0160169005393982 0.0166925992816687 0.0170028991997242 0.0101841995492578 0.00620518997311592 0.00519102020189166 0.0034143200609833 0.0020876401104033 0.00178961001802236 0.00201000995002687 0.00196020002476871 0.00145662005525082 0.00127056997735053 -3.4e+38 -3.4e+38 -3.4e+38 -3.4e+38 -3.4e+38 -3.4e+38 -3.4e+38 -3.4e+38 -3.4e+38 -3.4e+38 -3.4e+38 -3.4e+38 -3.4e+38 -3.4e+38 -3.4e+38 9.39781020861119e-05 9.12868999876082e-05 0.000140850999741815 0.000132882007164881 0.000120999997307081 0.000173399996128865 0.000182368996320292
-3.4e+38 -3.4e+38 0.198149994015694 0.158497005701065 0.0767543017864227 0.0490527004003525 0.0426071994006634 0.033185601234436 0.0288086999207735 0.0183108001947403 0.0222616996616125 0.0152286998927593 0.00805636029690504 0.00670407991856337 0.00513797020539641 0.00298118009231985 0.00223991996608675 0.00169281999114901 0.00163394003175199 0.00233917008154094 0.00162253994494677 0.00174232001882046 -3.4e+38 -3.4e+38 -3.4e+38 -3.4e+38 -3.4e+38 -3.4e+38 -3.4e+38 -3.4e+38 -3.4e+38 -3.4e+38 -3.4e+38 -3.4e+38 -3.4e+38 -3.4e+38 0.000144431003718637 0.00014500500401482 0.000138977004098706 0.000197628003661521 0.000179195994860493 0.000171095001860522 0.00020563299767673 0.000206451994017698
-3.4e+38 -3.4e+38 0.19845999777317 0.145754992961884 0.0578836984932423 0.0519297011196613 0.0401470996439457 0.0343937017023563 0.0287778992205858 0.0216169003397226 0.02244340069592 0.0123348003253341 0.00780087988823652 0.00617195991799235 0.00445715012028813 0.00258118007332087 0.0020592100918293 0.00134366995189339 0.00117188005242497 0.00182831997517496 0.00151180999819189 0.00195385003462434 0.00110503996256739 -3.4e+38 -3.4e+38 -3.4e+38 -3.4e+38 -3.4e+38 -3.4e+38 -3.4e+38 -3.4e+38 -3.4e+38 -3.4e+38 -3.4e+38 -3.4e+38 -3.4e+38 0.000210907994187437 0.00018527900101617 0.000242997994064353 0.000218993998714723 0.000175244000274688 0.000201221002498642 0.000248305004788563 0.000233055005082861
-3.4e+38 0.197014003992081 0.125241994857788 0.0877332985401154 0.0601157993078232 0.0694113969802856 0.0473631992936134 0.0297235008329153 0.0294314995408058 0.0265870001167059 0.0192728005349636 0.00967487040907145 0.00683047994971275 0.00621116999536753 0.00464776996523142 0.0024329200387001 0.00199720007367432 0.00145461002830416 0.00119116995483637 0.00155586004257202 0.00166273000650108 -3.4e+38 -3.4e+38 -3.4e+38 -3.4e+38 -3.4e+38 -3.4e+38 -3.4e+38 -3.4e+38 -3.4e+38 -3.4e+38 -3.4e+38 -3.4e+38 -3.4e+38 -3.4e+38 -3.4e+38 0.000284000008832663 0.000267775991233066 0.000355119002051651 0.000240149995079264 0.000214429994230159 0.000270808988716453 0.000298792001558468 0.000326100998790935
-3.4e+38 0.211903005838394 0.160393998026848 0.155798003077507 0.105057001113892 0.0755224972963333 0.0636420026421547 0.0467862002551556 0.0330393016338348 0.0193672999739647 0.0139073003083467 0.0125104002654552 0.00711885001510382 0.00520351016893983 0.0041779400780797 0.00366784003563225 0.00292556989006698 0.00143649999517947 0.000944971980061382 0.00100485002622008 0.00145751005038619 -3.4e+38 -3.4e+38 -3.4e+38 -3.4e+38 -3.4e+38 -3.4e+38 -3.4e+38 -3.4e+38 -3.4e+38 -3.4e+38 -3.4e+38 -3.4e+38 -3.4e+38 -3.4e+38 -3.4e+38 0.00042501199641265 0.000552734010852873 0.000513133010827005 0.000438699993537739 0.000413598987506703 0.000476174987852573 0.000499669986311346 0.000530157005414367
-3.4e+38 0.179063007235527 0.155580997467041 0.131578996777534 0.0912398025393486 0.0804639980196953 0.0621819011867046 0.0511755011975765 0.0353379994630814 0.0174787994474173 0.015502099879086 0.0117041999474168 0.00733469985425472 0.0050156801007688 0.00454105017706752 0.00448632007464767 0.0031627700664103 0.00156007998157293 0.00107598002068698 0.000785775016993284 0.00121273996774107 -3.4e+38 -3.4e+38 -3.4e+38 -3.4e+38 -3.4e+38 -3.4e+38 -3.4e+38 -3.4e+38 -3.4e+38 -3.4e+38 -3.4e+38 -3.4e+38 -3.4e+38 -3.4e+38 -3.4e+38 0.000387362990295514 0.000426315004006028 0.000433203997090459 0.000657917000353336 0.000497478991746902 0.000568800023756921 0.000532408012077212 0.000655264011584222
-3.4e+38 -3.4e+38 0.161700993776321 0.124177001416683 0.0970384031534195 0.0743347033858299 0.0557205006480217 0.0403272993862629 0.0292904004454613 0.0172249004244804 0.0166587997227907 0.010746399872005 0.00782341975718737 0.00671355985105038 0.00523927994072437 0.00500726001337171 0.00232005002908409 0.00162422005087137 0.00168499001301825 0.000937898992560804 0.00102869002148509 0.00141561997588724 0.00117439997848123 0.00136331003159285 -3.4e+38 0.000789790996350348 -3.4e+38 -3.4e+38 -3.4e+38 -3.4e+38 -3.4e+38 -3.4e+38 -3.4e+38 -3.4e+38 -3.4e+38 -3.4e+38 -3.4e+38 0.000356739008566365 0.000403834012104198 0.000533561978954822 0.000732634973246604 0.000635789998341352 0.000590224983170629 0.00065603299299255
-3.4e+38 -3.4e+38 0.118919998407364 0.114767998456955 0.0840838029980659 0.0653894990682602 0.0559093989431858 0.0367507003247738 0.0264950003474951 0.0182268004864454 0.0181719996035099 0.012028899975121 0.0072634001262486 0.00783738028258085 0.00643419986590743 0.00418468005955219 0.0020954399369657 0.00195654993876815 0.00184923002962023 0.001309460029006 0.0011906799627468 0.00145711994264275 0.00151269999332726 0.00112869997974485 0.00144109001848847 0.000922558014281094 -3.4e+38 -3.4e+38 -3.4e+38 -3.4e+38 -3.4e+38 -3.4e+38 -3.4e+38 -3.4e+38 -3.4e+38 -3.4e+38 0.000564827991183847 0.000511280028149486 0.000435363006545231 0.000608841015491635 0.000685325008817017 0.00068931799614802 0.000837624014820904 0.000657377007883042
-3.4e+38 -3.4e+38 -3.4e+38 0.116065002977848 0.0850479006767273 0.0650639981031418 0.0448850989341736 0.028490599244833 0.023895900696516 0.0180168002843857 0.0176644008606672 0.0107605000957847 0.00749529991298914 0.0090631702914834 0.00722802989184856 0.00424482021480799 0.00282714003697038 0.00320029002614319 0.00216998998075724 0.00160001998301595 0.00139469001442194 0.00199220003560185 0.00156624999362975 0.00137972005177289 0.00141436001285911 0.00112231995444745 -3.4e+38 -3.4e+38 -3.4e+38 -3.4e+38 -3.4e+38 -3.4e+38 -3.4e+38 -3.4e+38 -3.4e+38 0.000544545997399837 0.000591091986279935 0.00064185302471742 0.000657967990264297 0.00073000299744308 0.000897746009286493 0.000957221025601029 0.000997254042886198 0.0009730170131661
-3.4e+38 -3.4e+38 -3.4e+38 0.0909904986619949 0.0700505003333092 0.0546398982405663 0.0413905009627342 0.0334132984280586 0.0234532002359629 0.0211236998438835 0.0162895005196333 0.0134186996147037 0.0133037995547056 0.0131040001288056 0.00814445968717337 0.00603502988815308 0.00507545983418822 0.00450056977570057 0.00298247998580337 0.00223675998859107 0.00177584995981306 0.00248526991344988 0.002285520080477 0.0022405399940908 0.00180427997838706 0.00127805001102388 0.0013120899675414 0.00110271002631634 -3.4e+38 -3.4e+38 -3.4e+38 -3.4e+38 -3.4e+38 0.000789124984294176 0.000671870016958565 0.000546058989129961 0.000610658025834709 0.000763491028919816 0.000798669992946088 0.000898898986633867 0.00113385997246951 0.00126314000226557 0.0012444700114429 0.00140061997808516
-3.4e+38 -3.4e+38 -3.4e+38 -3.4e+38 0.0739971026778221 0.0687692984938622 0.0454185009002686 0.0371387004852295 0.0264775007963181 0.0225498005747795 0.0215057991445065 0.0139538003131747 0.014411199837923 0.0121974004432559 0.00888720992952585 0.00672012008726597 0.00695268996059895 0.00519688008353114 0.00337236002087593 0.00327171990647912 0.00341294007375836 0.00281803007237613 0.00291825993917882 0.00282401009462774 0.00217505008913577 0.00154043000657111 0.00156709004659206 -3.4e+38 -3.4e+38 -3.4e+38 0.000917125027626753 0.000736124988179654 0.000766819983255118 0.000891741015948355 0.000745180994272232 0.000611920026130974 0.000601819017902017 0.00084662000881508 0.00100171996746212 0.00134255003649741 0.00153809995390475 0.00170410005375743 0.00143930001650006 0.00203287997283041
-339999999999999996123846586046231871488.000000000000000 -3.4e+38 -3.4e+38 -3.4e+38 -3.4e+38 -3.4e+38 0.0436341017484665 0.0283272992819548 0.0273646004498005 0.0246478002518415 0.0218914002180099 0.0144033003598452 0.0139552000910044 0.0132107995450497 0.00946132000535727 0.00825648009777069 0.00739050982519984 0.00501741003245115 0.0035086499992758 0.0045748702250421 0.00456338981166482 0.00345667009241879 0.00390086998231709 0.00304125994443893 0.00215781992301345 0.00174682005308568 0.00197318010032177 -3.4e+38 -3.4e+38 -3.4e+38 0.00107291003223509 0.000965114973951131 0.00089932099217549 0.00111505005043 0.000695873983204365 0.000529449025634676 0.000604869972448796 0.000606755027547479 0.000705188023857772 0.000928246008697897 0.00138212996535003 0.00167498004157096 0.00179789995308965 0.00215445994399488
-3.4e+38 -3.4e+38 -3.4e+38 -3.4e+38 -3.4e+38 -3.4e+38 -3.4e+38 0.0283000003546476 0.0230180993676186 0.0248629990965128 0.0227281004190445 0.0163729004561901 0.0183866992592812 0.0151183996349573 0.0116172004491091 0.0101589001715183 0.00902643986046314 0.00690010981634259 0.00540992012247443 0.00597504014149308 0.00520219979807734 0.00376745010726154 0.00407993979752064 0.00413144985213876 0.00192562001757324 0.00289199990220368 0.00279967999085784 -3.4e+38 -3.4e+38 -3.4e+38 0.00109992001671344 0.0011102999560535 0.00123246002476662 0.00121318001765758 0.000622656021732837 0.000720374984666705 0.000722269993275404 0.00061726599233225 0.000687445979565382 0.000902591971680522 0.00135449995286763 0.00184275000356138 0.00251775002107024 0.00256781000643969
-3.4e+38 -3.4e+38 -3.4e+38 -3.4e+38 -3.4e+38 -3.4e+38 0.0345373004674911 0.0264708008617163 0.0257856007665396 0.0277242995798588 0.0219700001180172 0.0185675993561745 0.0199995990842581 0.0173556990921497 0.0119810001924634 0.011930899694562 0.0102655002847314 0.00735015980899334 0.00774788996204734 0.0066416198387742 0.00582708977162838 0.0047265999019146 0.00438393978402019 0.00479430984705687 0.00233657006174326 0.00264428998343647 0.00356519990600646 0.00210054009221494 0.00223813997581601 0.00147837004624307 0.00138032995164394 0.00193319004029036 0.00143365003168583 0.00127894000615925 0.000672227004542947 0.00074160797521472 0.000865073001477867 0.000816397019661963 0.000625338987447321 0.00124665000475943 0.00126868998631835 0.00217436999082565 0.00278786011040211 0.00346859009005129
-3.4e+38 -3.4e+38 -3.4e+38 0.0287886001169682 0.0418842993676662 0.0336778983473778 0.0326835997402668 0.0306691993027925 0.0275519005954266 0.0281383991241455 0.0277724992483854 0.0208605006337166 0.0181824993342161 0.021713599562645 0.0143087999895215 0.0126935001462698 0.0136778000742197 0.0106129003688693 0.0104978997260332 0.00899653974920511 0.00802071020007133 0.00613310979679227 0.00734661985188723 0.00487744016572833 0.00397562980651855 0.00449301023036242 0.00279984995722771 0.00329615990631282 0.00306772999465466 0.00271141994744539 0.00220964988693595 0.00228995992802083 0.00186606997158378 0.00155841000378132 0.00105134001933038 0.000913506024517119 0.00119584996718913 0.00076934602111578 0.000698939024005085 0.00134214002173394 0.00241511990316212 0.00267069996334612 0.00305022997781634 0.00528527004644275
-3.4e+38 -3.4e+38 -3.4e+38 -3.4e+38 0.0287408996373415 0.033143300563097 0.0343564003705978 0.0320818983018398 0.0292367003858089 0.0341092012822628 0.0322825014591217 0.0194240994751453 0.024354200810194 0.0243471991270781 0.0165638998150826 0.0147428000345826 0.0141583001241088 0.0110592003911734 0.0149247003719211 0.0126130999997258 0.00909665040671825 0.00666694017127156 0.00825478974729776 0.00587844988331199 0.0047396500594914 0.00294856005348265 0.00355968996882439 0.00320747005753219 0.00331501010805368 0.00295323994942009 0.00229380000382662 0.00196513999253511 0.00163211999461055 0.0013744099996984 0.000788795994594693 0.00128285004757345 0.00160803995095193 0.00105026003438979 0.000753814994823188 0.00148820003960282 0.00272722006775439 0.00356852007098496 0.00456780986860394 0.00571112986654043
-3.4e+38 -3.4e+38 -3.4e+38 -3.4e+38 -3.4e+38 0.0213846992701292 0.0296158008277416 0.0304108001291752 0.0325236991047859 0.0413976013660431 0.0329963006079197 0.023998100310564 0.0262048002332449 0.0252336002886295 0.0190452001988888 0.0153911001980305 0.0147620998322964 0.0130217000842094 0.0147639000788331 0.0130495997145772 0.00926894042640924 0.00901558995246887 0.00919206999242306 0.00422526011243463 0.00434958981350064 0.0037472399417311 0.00447785994037986 0.0039258599281311 0.0036283100489527 0.00333747989498079 -3.4e+38 -3.4e+38 -3.4e+38 0.00133391004055738 0.00104751996695995 0.00149882002733648 0.00158515002112836 0.00160724995657802 0.00114047003444284 0.00191695999819785 0.0027713100425899 0.00299122999422252 0.00501709990203381 0.00770301977172494
-3.4e+38 -3.4e+38 -3.4e+38 -3.4e+38 -3.4e+38 0.0121938996016979 0.0253972001373768 0.0325054004788399 0.0329886004328728 0.0403609983623028 0.0309219993650913 0.026069600135088 0.032081600278616 0.0291544999927282 0.0199011992663145 0.0190312005579472 0.0167795997112989 0.0166679993271828 0.0147347003221512 0.0146065000444651 0.00840567983686924 0.00936345010995865 0.00939664989709854 0.00577800022438169 0.00462830020114779 -3.4e+38 -3.4e+38 -3.4e+38 -3.4e+38 -3.4e+38 -3.4e+38 -3.4e+38 -3.4e+38 -3.4e+38 0.00105811003595591 0.00159828003961593 0.00230422988533974 0.00209149997681379 0.00135413999669254 0.00170942000113428 0.00244258996099234 0.00355334999039769 0.00450759986415505 0.00675638020038605
-3.4e+38 -3.4e+38 -3.4e+38 -3.4e+38 -3.4e+38 0.0128392996266484 0.031444501131773 0.0350394994020462 0.0373696014285088 0.0388448983430862 0.0264995992183685 0.0322742015123367 0.0349575988948345 0.0280076991766691 0.0257811993360519 0.0252925008535385 0.0244427006691694 0.0194933004677296 0.0176927000284195 0.0143275996670127 0.0106501998379827 0.0130548002198339 0.00977439992129803 0.00841481983661652 -3.4e+38 -3.4e+38 -3.4e+38 -3.4e+38 -3.4e+38 -3.4e+38 -3.4e+38 -3.4e+38 -3.4e+38 -3.4e+38 0.00125615997239947 0.00170429004356265 0.00265351007692516 0.00295031000860035 0.00164050003513694 0.00269006006419659 0.00366427004337311 0.000235503001022153 0.000307098001940176 0.00053332798415795
