Sp_maps/Fauna_Cerrado/Glyphonycteris_behnii.asc
NCOLS 186 
NROWS 224 
XLLCORNER -60.109416846 
YLLCORNER -24.68462619 
CELLSIZE 0.1 
NODATA_value -3.4e+38 
[rows 154 to 175 of 224, columns 100 to 149 of 186]
0.505151987075806 0.504610002040863 0.502049028873444 0.500795006752014 0.500104010105133 0.499891012907028 0.500824987888336 0.49821799993515 0.497105002403259 0.497150003910065 0.497316986322403 0.497188001871109 0.498569995164871 0.496968001127243 0.497029006481171 0.499226003885269 0.498656988143921 0.498955011367798 0.498964011669159 0.499888002872467 0.500052988529205 0.49974399805069 0.499718010425568 0.499484002590179 0.501066982746124 0.499482005834579 0.500445008277893 0.501783013343811 0.501815974712372 0.501910984516144 0.503760993480682 0.503943979740143 0.50435197353363 0.504566013813019 0.505667984485626 0.505900025367737 0.505952000617981 0.505244970321655 0.504492998123169 0 0 0 0 0 0 0 0 0 0 0
0.504962027072906 0.504637002944946 0.501212000846863 0.500568985939026 0.499844014644623 0.500599980354309 0.500667989253998 0.497150987386703 0.496468007564545 0.496452987194061 0.497319996356964 0.497415989637375 0.498349994421005 0.497871994972229 0.497754991054535 0.498176008462906 0.499083012342453 0.499076992273331 0.499303996562958 0.500113010406494 0.500777006149292 0.500366985797882 0.500010013580322 0.500639021396637 0.50204598903656 0.500721991062164 0.501579999923706 0.502831995487213 0.501245021820068 0.501838982105255 0.504046022891998 0.504405975341797 0.504706025123596 0.505315005779266 0.506390988826752 0.506232023239136 0.506224989891052 0.505231022834778 0 0 0 0 0 0 0 0 0 0 0 0
0.505506992340088 0.504408001899719 0.502516984939575 0.501394987106323 0.500739991664886 0.501305997371674 0.501046001911163 0.497308999300003 0.496859014034271 0.496760010719299 0.49728998541832 0.497442007064819 -3.4e+38 0.497822999954224 0.498250007629395 0.498196005821228 0.498380988836288 0.498751997947693 0.499612003564835 0.500797986984253 0.500512003898621 0.500808000564575 0.500551998615265 0.500120997428894 0.501569986343384 0.501061022281647 0.502048015594482 0.502964019775391 0.502390027046204 0.50286602973938 0.504510998725891 0.504868984222412 0.505514979362488 0.506098985671997 0.506384015083313 0.506615996360779 0.506061971187592 0.50500100851059 0 0 0 0 0 0 0 0 0 0 0 0
0.50533801317215 0.504267990589142 0.502746999263763 0.501936018466949 0.500679016113281 0.50043797492981 0.501119017601013 0.497842013835907 0.497530996799469 -3.4e+38 0.496430993080139 -3.4e+38 -3.4e+38 -3.4e+38 0.499740988016129 0.500432014465332 0.498540997505188 0.498842000961304 0.500025987625122 0.500205993652344 0.500549018383026 0.500580012798309 0.500050008296967 0.50049901008606 0.502559006214142 0.502501010894775 0.502272009849548 0.503444015979767 0.503183007240295 0.502520024776459 0.503780007362366 0.504198014736176 0.505473017692566 0.505901992321014 0.506760001182556 0.506439983844757 0.505502998828888 0.505343019962311 0 0 0 0 0 0 0 0 0 0 0 0
0.505728006362915 0.504453003406525 0.503093004226685 0.502283990383148 0.501810014247894 -3.4e+38 0.500567972660065 0.497723996639252 0.498228996992111 -3.4e+38 0.495472997426987 -3.4e+38 -3.4e+38 -3.4e+38 -3.4e+38 0.498605996370316 0.497642993927002 0.500316023826599 0.501784980297089 0.500572025775909 0.500276029109955 0.500472009181976 0.501379013061523 0.504037022590637 0.503570020198822 0.503655016422272 0.50307697057724 0.502860009670258 0.50323098897934 0.503570973873138 0.502934992313385 0.503911972045898 0.505186021327972 0.505412995815277 0.505550026893616 0.504719972610474 0.50422602891922 0.505469977855682 0 0 0 0 0 0 0 0 0 0 0 0
0.505666017532349 0.50502598285675 0.50383597612381 0.502254009246826 -3.4e+38 -3.4e+38 0.500559985637665 0.498160988092422 0.497868001461029 -3.4e+38 0.496713995933533 -3.4e+38 -3.4e+38 -3.4e+38 -3.4e+38 -3.4e+38 -3.4e+38 0.501065015792847 0.500995993614197 0.501326978206635 0.502775013446808 0.502487003803253 0.503603994846344 0.503654003143311 0.503355979919434 0.503180027008057 0.502834022045135 0.502439022064209 0.502906978130341 0.503466010093689 0.504252016544342 0.504306972026825 0.505487024784088 0.505667984485626 0.504808008670807 0.503762006759644 0.505207002162933 0.505430996417999 0 0 0 0 0 0 0 0 0 0 0 0
0.505761981010437 0.505659997463226 0.503924012184143 0.502892017364502 -3.4e+38 -3.4e+38 0.500608026981354 0.497718006372452 0.497678995132446 -3.4e+38 -3.4e+38 -3.4e+38 -3.4e+38 -3.4e+38 -3.4e+38 -3.4e+38 -3.4e+38 -3.4e+38 -3.4e+38 0.501738011837006 0.502601981163025 0.503216028213501 0.503504991531372 0.503022015094757 -3.4e+38 0.502442002296448 0.501792013645172 0.501887023448944 0.501644015312195 0.503373026847839 0.503709018230438 0.504616975784302 0.504949986934662 0.505881011486053 0.505599021911621 0.505388975143433 0.504182994365692 0.504812002182007 0 0 0 0 0 0 0 0 0 0 0 0
-3.4e+38 0.50545597076416 0.50383597612381 0.503708004951477 -3.4e+38 -3.4e+38 0.501066029071808 0.498068988323212 0.497821986675262 -3.4e+38 -3.4e+38 -3.4e+38 0.497839003801346 -3.4e+38 -3.4e+38 -3.4e+38 0.498602002859116 0.500454008579254 0.500832974910736 0.501861989498138 -3.4e+38 0.502166986465454 -3.4e+38 -3.4e+38 0.50195699930191 0.502036988735199 0.501591980457306 0.501649975776672 0.5016930103302 0.502843976020813 0.50314199924469 0.504131019115448 0.505025029182434 0.504795014858246 0.505223989486694 0.505756020545959 0.504101991653442 0.503050982952118 0 0 0 0 0 0 0 0 0 0 0 0
-3.4e+38 -3.4e+38 -3.4e+38 -3.4e+38 -3.4e+38 -3.4e+38 0.501366019248962 0.498528987169266 -3.4e+38 -3.4e+38 -3.4e+38 0.496372014284134 -3.4e+38 -3.4e+38 0.497036993503571 -3.4e+38 -3.4e+38 -3.4e+38 0.499532997608185 0.501341998577118 0.501603007316589 0.50162398815155 0.501361012458801 0.500883996486664 0.499980002641678 0.500303983688354 0.500334024429321 0.50111597776413 0.501299977302551 0.502071976661682 0.502144992351532 0.503565013408661 0.502739012241364 0.504136025905609 0.505900979042053 0.505509972572327 0.503690004348755 0.50120997428894 0 0 0 0 0 0 0 0 0 0 0 0
-3.4e+38 -3.4e+38 -3.4e+38 -3.4e+38 0.503259003162384 0.502579987049103 -3.4e+38 -3.4e+38 -3.4e+38 -3.4e+38 0.496692001819611 0.495965003967285 0.495234996080399 0.495326012372971 0.49557900428772 0.496412992477417 -3.4e+38 -3.4e+38 -3.4e+38 0.49974200129509 0.499951004981995 0.499018013477325 0.498203992843628 0.497925996780396 0.497225999832153 0.49745899438858 0.498070001602173 0.499909996986389 0.500349998474121 0.500860989093781 0.501046001911163 0.500968992710114 0.50161999464035 0.503084003925323 0.504368007183075 0.503756999969482 0.503539025783539 0.500892996788025 0 0 0 0 0 0 0 0 0 0 0 0
0.50587397813797 -3.4e+38 -3.4e+38 0.50390499830246 0.503010988235474 0.502170026302338 0.500662982463837 -3.4e+38 -3.4e+38 0.497413009405136 0.496369987726212 0.495359003543854 0.494652986526489 0.494924992322922 0.495714992284775 0.496248006820679 0.497112989425659 0.498434990644455 0.498876005411148 -3.4e+38 -3.4e+38 0.498070001602173 0.497220009565353 0.496717005968094 0.49701601266861 0.497081011533737 0.497094005346298 0.498777985572815 0.499900996685028 0.500567018985748 0.500856995582581 0.500392019748688 0.502007007598877 0.502847015857697 0.503632009029388 0.503243029117584 0.502676010131836 0.501173973083496 0 0 0 0 0 0 0 0 0 0 0 0
0.505434989929199 -3.4e+38 -3.4e+38 0.504086971282959 -3.4e+38 -3.4e+38 0.50069797039032 -3.4e+38 0.49779799580574 0.497693002223969 0.496798008680344 0.495941013097763 0.494302988052368 0.494495987892151 0.495072990655899 0.495995998382568 0.4965940117836 0.497561007738113 0.497900009155273 0.498106002807617 -3.4e+38 -3.4e+38 0.496463000774384 0.496401011943817 0.496472001075745 0.496187001466751 0.496495991945267 0.497644007205963 0.498800009489059 0.499619007110596 0.499965012073517 0.500757992267609 0.500106990337372 0.50220799446106 0.502557992935181 0.50253701210022 0.501640021800995 0.500606000423431 0 0 0 0 0 0 0 0 0 0 0 0
0.50518798828125 0.505451023578644 -3.4e+38 0.503854990005493 0.502743005752563 0.501927018165588 0.500837028026581 0.498335987329483 -3.4e+38 -3.4e+38 0.497740000486374 0.496468991041183 0.495065987110138 0.495398014783859 0.495700985193253 0.496152013540268 0.4966059923172 0.496996998786926 0.497440010309219 0.497267007827759 0.497352987527847 -3.4e+38 0.496717989444733 0.496010005474091 0.496226012706757 0.496109992265701 0.496401995420456 0.497099012136459 0.498448014259338 0.499139010906219 0.499758005142212 0.499915987253189 0.498611986637115 0.500827014446259 0.501505017280579 0.501303017139435 0.501251995563507 0.499229997396469 0 0 0 0 0 0 0 0 0 0 0 0
0.504348993301392 0.504638016223907 0.504121005535126 0.503781020641327 0.502735018730164 0.501381993293762 0.500482022762299 0.498865008354187 0.499202013015747 0.497978001832962 0.497785001993179 0.49678099155426 0.495750993490219 0.495840013027191 0.496046006679535 0.496333986520767 0.496589004993439 0.497083008289337 0.497377991676331 0.496670007705688 0.497438013553619 0.497774988412857 0.49677699804306 0.496407985687256 0.495911002159119 0.496578007936478 0.497042000293732 0.497536987066269 0.498611986637115 0.499249011278152 0.499462991952896 0.499657988548279 0.499897986650467 0.499951004981995 0.5001500248909 0.50007700920105 0.500320971012115 0.498757004737854 0 0 0 0 0 0 0 0 0 0 0 0
0.502358019351959 0.50271999835968 0.502113997936249 0.501582026481628 0.501797020435333 0.501010000705719 0.501406013965607 0.500625014305115 0.499897003173828 0.49940100312233 0.498598992824554 0.497913002967834 0.496816992759705 0.497051000595093 0.49720099568367 0.497411012649536 0.497345000505447 0.497427999973297 0.496823012828827 0.496744990348816 0.496719002723694 0.496573001146317 0.497094988822937 0.49634000658989 0.497267007827759 0.496854990720749 0.496787011623383 0.497824013233185 0.497936010360718 0.498701989650726 0.498932003974915 0.498843014240265 0.499271005392075 0.499096989631653 0.498910993337631 0.497453987598419 0.497891992330551 0.498324990272522 0 0 0 0 0 0 0 0 0 0 0 0
0 0.502322018146515 0.501347005367279 0.500769019126892 0.500023007392883 0.500245988368988 0.501986980438232 0.500815987586975 0.499891996383667 0.499208003282547 0.498692005872726 0.49821799993515 0.497568011283875 0.497350990772247 0.497422993183136 0.497404009103775 0.497808009386063 0.497224003076553 0.497860014438629 0.497601985931396 0.496883004903793 0.49701601266861 0.496865004301071 0.496996998786926 0.49736100435257 0.496800988912582 0.496805012226105 0.497085005044937 0.497429996728897 0.497940987348557 0.498228013515472 0.498876005411148 0.498787999153137 0.498878985643387 0.498432993888855 0.497945010662079 0.497032999992371 0.496573001146317 0 0 0 0 0 0 0 0 0 0 0 0
0 0 0 0 0.501051008701324 0.500461995601654 0.50043398141861 0.500025987625122 0.500334978103638 0.499698996543884 0.499316990375519 0.498944997787476 0.498228013515472 0.498369991779327 0.498162001371384 0.498167991638184 0.497916013002396 0.498490005731583 0.498282998800278 0.49821400642395 0.498167991638184 0.497648000717163 0.49728998541832 0.497341006994247 0.497711002826691 0.497216999530792 0.496843993663788 0.496675997972488 0.497260004281998 0.497978001832962 0.497658014297485 0.498124003410339 0.498306006193161 0.498010009527206 0.497821986675262 0.49727201461792 0.49677500128746 0.495339006185532 0 0 0 0 0 0 0 0 0 0 0 0
0 0 0 0 0 0 0 0 0.499695003032684 0.499384999275208 0.499118000268936 0.499182999134064 0.498968005180359 0.498789995908737 0.498546987771988 0.4981369972229 0.498329013586044 0.498391002416611 0.498438000679016 0.498876988887787 0.498461991548538 0.498185008764267 0.497711986303329 0.497841000556946 0.497729003429413 0.498163014650345 0.497112989425659 0.496351987123489 0.497350990772247 0.497350007295609 0.497945010662079 0.498414009809494 0.498062998056412 0.497608006000519 0.496897995471954 0.496666997671127 0.495802998542786 0.494581013917923 0 0 0 0 0 0 0 0 0 0 0 0
0 0 0 -3.4e+38 -3.4e+38 0 0 0 0 0 0 0.499374985694885 0.498786985874176 0.498654007911682 0.498609006404877 0.498623013496399 0.498611986637115 0.498349010944366 0.498690992593765 0.498970001935959 0.49898499250412 0.498477011919022 0.498154997825623 0.497817993164062 0.497761011123657 0.497231990098953 0.49796199798584 0.496915012598038 0.497525006532669 0.497785001993179 0.497893989086151 0.498667001724243 0.498154997825623 0.497124999761581 0.496060013771057 0.495555996894836 0.494836986064911 0.494069993495941 0 0 0 0 0 0 0 0 0 0 0 0
0 0 0 0 0 -3.4e+38 0 0 0 0 0 0 0 0 0 0.499807000160217 0.499716997146606 0.499758988618851 0.500380992889404 0.500304996967316 0.500501990318298 0.500470995903015 0.499756991863251 0.499388992786407 0.49855300784111 0.498492985963821 0.497736990451813 0.496591985225677 0.49701800942421 0.496605008840561 0.496140986680984 0.496531993150711 0.495393007993698 0.495802998542786 0.494414001703262 0.493680000305176 0.49285900592804 0.492134988307953 0 0 0 0 0 0 0 0 0 0 0 0
0 0 0 0 -3.4e+38 -3.4e+38 0 0 0 0 0 0 0 0 0 0 0 0 0.500294029712677 0.500303983688354 0.500517010688782 0.50048702955246 0.50094598531723 0.500307977199554 0.500226974487305 0.499392002820969 0.498333007097244 0.49727800488472 0.497366011142731 0.496307998895645 0.496347993612289 0.495925009250641 0.495252013206482 0.49379101395607 0.493279010057449 0.492747992277145 0.49202299118042 0.491463989019394 0 0 0 0 0 0 0 0 0 0 0 0
-3.4e+38 -3.4e+38 0 -3.4e+38 -3.4e+38 -3.4e+38 0 -3.4e+38 0 0 0 0 0 0 0 0 0 0 0 0 0 0.500099003314972 0.501419007778168 0.501627027988434 0.500549972057343 0.500369012355804 0.498847991228104 0.496333986520767 0.496899008750916 0.496105998754501 0.496306985616684 0.495458990335464 0.493918001651764 0.49295300245285 0.492525994777679 0.491952985525131 0.491452008485794 0.490750014781952 0 0 0 0 0 0 0 0 0 0 0 0
