Sp_maps/Fauna_Cerrado/Glyphonycteris_behnii.asc
NCOLS 186 
NROWS 224 
XLLCORNER -60.109416846 
YLLCORNER -24.68462619 
CELLSIZE 0.1 
NODATA_value -3.4e+38 
[rows 88 to 109 of 224, columns 100 to 149 of 186]
0.523477971553802 0.523441016674042 0.521144986152649 0.520259976387024 0.519810974597931 0.519021987915039 0.51858001947403 0.516674995422363 0.5156289935112 0.514214992523193 0.513620018959045 0.513231992721558 0.511869013309479 0.511708974838257 0.511099994182587 0.510671019554138 0.510587990283966 0.509522020816803 0.509873986244202 0.509684979915619 0.509990990161896 0.509880006313324 0.509992003440857 0.508481025695801 0.507858991622925 0.508221983909607 0.508359014987946 0.508961021900177 0.507568001747131 0.508958995342255 0.508005976676941 0.508054971694946 0.506485998630524 0.505452990531921 0.504801988601685 0.50375497341156 0.502556025981903 0.503428995609283 0.502528011798859 0 0 0 0 0 0 0 0 0 0 0
0.52326101064682 0.523099005222321 0.522279024124146 0.521376013755798 0.519536972045898 0.518905997276306 0.518118977546692 0.516583979129791 0.515565991401672 0.514343976974487 0.513382017612457 0.5120609998703 0.51153701543808 0.51136302947998 0.510775983333588 0.510079026222229 0.510289013385773 0.510217010974884 0.510128021240234 0.510493993759155 0.510617017745972 0.510469019412994 0.510052978992462 0.50874400138855 0.50813901424408 0.508112013339996 0.507674992084503 0.508114993572235 0.508467972278595 0.509150981903076 0.508679986000061 0.507929980754852 0.507439017295837 0.505940020084381 0.504786014556885 0.503395974636078 0.504269003868103 0.502502977848053 0.502997994422913 0.501670002937317 0 0 0 0 0 0 0 0 0 0
0.52301698923111 0.52265602350235 0.52148300409317 0.521637976169586 0.519345998764038 0.519549012184143 0.517811000347137 0.515938997268677 0.514904022216797 0.513980984687805 0.513077020645142 0.512055993080139 0.511183977127075 0.511117994785309 0.510738015174866 0.510946989059448 0.510797023773193 0.5105260014534 0.510392010211945 0.510527014732361 0.510748982429504 0.510524988174438 0.510297000408173 0.510191977024078 0.509176015853882 0.508818984031677 0.508072018623352 0.509656012058258 0.51009202003479 0.509979009628296 0.509443998336792 0.508383989334106 0.508024990558624 0.507604002952576 0.505997002124786 0.504760980606079 0.504086017608643 0.503756999969482 0.502892971038818 0.501653015613556 0 0 0 0 0 0 0 0 0 0
0.523046970367432 0.522620022296906 0.521826028823853 0.521503984928131 0.519891023635864 0.519357025623322 0.517454028129578 0.515142023563385 0.51357901096344 0.513395011425018 0.512493014335632 0.512066006660461 0.510999977588654 0.510550022125244 0.510850012302399 0.511254012584686 0.510731995105743 0.510936975479126 0.510726988315582 0.510683000087738 0.510524988174438 0.510508000850677 0.510945975780487 0.510625004768372 0.510447978973389 0.509508013725281 0.509581029415131 0.510299980640411 0.510564029216766 0.50961697101593 0.509782016277313 0.509406983852386 0.508538007736206 0.507687985897064 0.507251024246216 0.505481004714966 0.504512012004852 0.503672003746033 0.503094971179962 0.502497971057892 0 0 0 0 0 0 0 0 0 0
0.522782981395721 0.522467970848083 0.521779000759125 0.52063000202179 0.520094990730286 0.518333971500397 0.517181992530823 0.515033006668091 0.513400018215179 0.512526988983154 0.511573970317841 0.51085501909256 0.510493993759155 0.510451972484589 0.511270999908447 0.510899007320404 0.510834991931915 0.510901987552643 0.510966002941132 0.510860979557037 0.510818004608154 0.510805010795593 0.511025011539459 0.511068999767303 0.510900974273682 0.509729981422424 0.510155022144318 0.510459005832672 0.510331988334656 0.510142982006073 0.510227024555206 0.510397970676422 0.508060991764069 0.508090019226074 0.508419990539551 0.506994009017944 0.50620299577713 0.505626022815704 0.504316985607147 0.503273010253906 0 0 0 0 0 0 0 0 0 0
0.522306978702545 0.521794021129608 0.521147012710571 0.521059989929199 0.52065497636795 0.519683003425598 0.518415987491608 0.514366984367371 0.512701988220215 0.51097297668457 0.510662972927094 0.510459005832672 0.5105100274086 0.510815024375916 0.511058986186981 0.51104998588562 0.510757982730865 0.510621011257172 0.510681986808777 0.511030972003937 0.511084973812103 0.511066019535065 0.511105000972748 0.510926008224487 0.510958015918732 0.510603010654449 0.510573983192444 0.51070499420166 0.510886013507843 0.510914027690887 0.511012017726898 0.510887026786804 0.508154988288879 0.510277986526489 0.509935021400452 0.509427011013031 0.509944975376129 0.508256018161774 0.506623029708862 0.505976021289825 0 0 0 0 0 0 0 0 0 0
0.521878004074097 0.521418988704681 0.520945012569427 0.520703971385956 0.520264029502869 0.519672989845276 0.517799019813538 0.51426100730896 0.51315301656723 0.510819971561432 0.51059901714325 0.510402977466583 0.510791003704071 0.510743021965027 0.511138021945953 0.510931015014648 0.510896980762482 0.510596990585327 0.5103480219841 0.510402977466583 0.510644972324371 0.510809004306793 0.510980010032654 0.510531008243561 0.510480999946594 0.510309994220734 0.509993016719818 0.510544002056122 0.511007010936737 0.511173009872437 0.511079013347626 0.511457026004791 0.5103480219841 0.51070100069046 0.51086699962616 0.511332988739014 0.51139497756958 0.509056985378265 0.508216977119446 0.507209002971649 0 0 0 0 0 0 0 0 0 0
0.52130401134491 0.520960986614227 0.520258009433746 0.520164012908936 0.519474983215332 0.518815994262695 0.517557978630066 0.514757990837097 0.513361990451813 0.511205017566681 0.510434985160828 0.510469019412994 0.510511994361877 0.510673999786377 0.510910987854004 0.511056005954742 0.511114001274109 0.510490000247955 0.509943008422852 0.509813010692596 0.510115027427673 0.510070979595184 0.509966015815735 0.510344982147217 0.510351002216339 0.510416984558105 0.510311007499695 0.510483026504517 0.510755002498627 0.511142015457153 0.511506974697113 0.511732995510101 0.511979997158051 0.512395024299622 0.512085020542145 0.512637972831726 0.512914001941681 0.510833978652954 0.50977498292923 0.508912980556488 0 0 0 0 0 0 0 0 0 0
0.520852982997894 0.52039498090744 0.519924998283386 0.519703984260559 0.519257009029388 0.518379986286163 0.517198979854584 0.514235973358154 0.513876020908356 0.511357009410858 0.510658025741577 0.510744988918304 0.510342001914978 0.510824978351593 0.51105797290802 0.51103401184082 0.511246025562286 0.5103520154953 0.510309994220734 0.509920001029968 0.50949501991272 0.509657025337219 0.509195983409882 0.509311974048615 0.509555995464325 0.50966602563858 0.510046005249023 0.510326981544495 0.510663986206055 0.511102974414825 0.511577010154724 0.51180499792099 0.512741982936859 0.513293981552124 0.51358300447464 0.514003992080688 0.514289021492004 0.513239979743958 0.511331975460052 0.509984016418457 0 0 0 0 0 0 0 0 0 0
0.520336985588074 0.520102024078369 0.519388020038605 0.519098997116089 0.518217980861664 0.517619013786316 0.516915023326874 0.513252973556519 0.512508988380432 0.511443972587585 0.510562002658844 0.510977029800415 0.510106027126312 0.510532021522522 0.511223018169403 0.510987997055054 0.511346995830536 0.510061025619507 0.510097026824951 0.50976699590683 0.50943797826767 0.509033024311066 0.507550001144409 0.508901000022888 0.508774995803833 0.509002983570099 0.509450972080231 0.510056018829346 0.510465979576111 0.510982990264893 0.511424005031586 0.511739015579224 0.513410985469818 0.513742983341217 0.514325976371765 0.515154004096985 0.515363991260529 0.514042973518372 0.512710988521576 0.511139988899231 0 0 0 0 0 0 0 0 0 0
0.519352972507477 0.519198000431061 0.518432021141052 0.517970979213715 0.517538011074066 0.516956984996796 0.516034007072449 0.513723015785217 0.512176990509033 0.511915028095245 0.511326014995575 0.511102974414825 0.509898006916046 0.510082006454468 0.51042902469635 0.510644018650055 0.510823011398315 0.510383009910583 0.50984799861908 0.509965002536774 0.509254992008209 0.50807797908783 0.50621098279953 0.507434010505676 0.507090985774994 0.507726013660431 0.508183002471924 0.508897006511688 0.509672999382019 0.510806024074554 0.511447012424469 0.511439979076385 0.513984024524689 0.514648973941803 0.515308976173401 0.515722990036011 0.515953004360199 0.514644980430603 0.514298021793365 0.513244986534119 0 0 0 0 0 0 0 0 0 0
0.519156992435455 0.51894599199295 0.517611980438232 0.5171759724617 0.517028987407684 0.516622006893158 0.515685975551605 0.513220012187958 0.51214200258255 0.511236011981964 0.51119202375412 0.509868979454041 0.509809970855713 0.51027500629425 0.510297000408173 0.510321021080017 0.510182023048401 0.5103480219841 0.510281980037689 0.509877026081085 0.508543014526367 0.508044004440308 0.507171988487244 0.507196009159088 0.507591009140015 0.507420003414154 0.507867991924286 0.50910097360611 0.51019299030304 0.511332988739014 0.511996984481812 0.51264899969101 0.514262974262238 0.514711022377014 0.515406012535095 0.515893995761871 0.515899002552032 0.514410972595215 0.514111995697021 0.513194978237152 0 0 0 0 0 0 0 0 0 0
0.518536984920502 0.51817798614502 0.517327010631561 0.516946971416473 0.516624987125397 0.51611202955246 0.515398979187012 0.513457000255585 0.512521982192993 0.511470973491669 0.510814011096954 0.509979009628296 0.509782016277313 0.509989976882935 0.509687006473541 0.50994199514389 0.509817004203796 0.510038018226624 0.510372996330261 0.509926974773407 0.508754014968872 0.508067011833191 0.506842970848083 0.506556987762451 0.506940007209778 0.507390022277832 0.508033990859985 0.509630978107452 0.510839998722076 0.511590003967285 0.512359023094177 0.513077020645142 0.514185011386871 0.514891028404236 0.515331983566284 0.515901982784271 0.515895009040833 0.515667021274567 0.513734996318817 0.513343989849091 0 0 0 0 0 0 0 0 0 0
0.51826798915863 0.518073976039886 0.517262995243073 0.516848981380463 0.51648998260498 0.516030013561249 0.515534996986389 0.513867020606995 0.513217985630035 0.51112699508667 0.509926021099091 0.509921014308929 0.509970009326935 0.509809970855713 0.510073006153107 0.50960099697113 0.510044991970062 0.510034024715424 0.510246992111206 0.509042024612427 0.509199976921082 0.50798898935318 0.506003975868225 0.506039977073669 0.506500005722046 0.50677502155304 0.508002996444702 0.509599983692169 0.510900020599365 0.511795997619629 0.512466013431549 0.513032972812653 0.514232993125916 0.514853000640869 0.515464007854462 0.515875995159149 0.515748023986816 0.515568971633911 0.513392984867096 0.51326197385788 0 0 0 0 0 0 0 0 0 0
0.517980992794037 0.517830014228821 0.517167985439301 0.516466021537781 0.516348004341125 0.516147971153259 0.515363991260529 0.513734996318817 0.512951016426086 0.511905014514923 0.510977983474731 0.510210990905762 0.510219991207123 0.509968996047974 0.509814977645874 0.50968998670578 0.509841978549957 0.510007977485657 0.509773015975952 0.509325981140137 0.508561015129089 0.507239997386932 0.505289018154144 0.505355000495911 0.505894005298615 0.506502985954285 0.507513999938965 0.509377002716064 0.510559976100922 0.511466979980469 0.511461019515991 0.512616991996765 0.514331996440887 0.514904975891113 0.515408992767334 0.51580798625946 0.516102015972137 0.516414999961853 0.513817012310028 0.513132989406586 0 0 0 0 0 0 0 0 0 0
0.517508983612061 0.517682015895844 0.517148017883301 0.516544997692108 0.516538977622986 0.516075015068054 0.515492975711823 0.514582991600037 0.513678014278412 0.513046979904175 0.511547029018402 0.511214017868042 0.510883986949921 0.510743975639343 0.509819984436035 0.509935021400452 0.509711980819702 0.509635984897614 0.509343028068542 0.507632970809937 0.507211029529572 0.506735980510712 0.505514979362488 0.50543200969696 0.505986988544464 0.506667017936707 0.507412016391754 0.508973002433777 0.510114014148712 0.511063992977142 0.511875987052917 0.511120975017548 0.513525009155273 0.514456987380981 0.51510101556778 0.515317022800446 0.515505015850067 0.514971971511841 0.511669993400574 0.511614978313446 0 0 0 0 0 0 0 0 0 0
0.517400026321411 0.517416000366211 0.517039000988007 0.517134010791779 0.51679402589798 0.516071975231171 0.515983998775482 0.514874994754791 0.513652980327606 0.512111008167267 0.511958003044128 0.511952996253967 0.51121997833252 0.510963022708893 0.509985029697418 0.510235011577606 0.509859025478363 0.509801983833313 0.509220004081726 0.507869005203247 0.507188975811005 0.506534993648529 0.506242990493774 0.506174027919769 0.506635010242462 0.506860971450806 0.507586002349854 0.509163022041321 0.509895980358124 0.510906994342804 0.511709988117218 0.511354982852936 0.513235986232758 0.513442993164062 0.514315009117126 0.514957010746002 0.515044987201691 0.514837026596069 0.510905027389526 0.511044979095459 0 0 0 0 0 0 0 0 0 0
0.517683982849121 0.517847001552582 0.517153978347778 0.517413973808289 0.516611993312836 0.515887975692749 0.515870988368988 0.515155971050262 0.513513028621674 0.513957023620605 0.512961983680725 0.511816024780273 0.51179301738739 0.51127701997757 0.510429978370667 0.510061025619507 0.509171009063721 0.510066986083984 0.509351015090942 0.508567988872528 0.507479012012482 0.506356000900269 0.507025003433228 0.506901979446411 0.507206976413727 0.50738799571991 0.507972002029419 0.509230017662048 0.509827971458435 0.510483980178833 0.510954022407532 0.511637985706329 0.511888027191162 0.51154100894928 0.513419985771179 0.514047026634216 0.513633012771606 0.513684988021851 0.509710013866425 0.509868025779724 0 0 0 0 0 0 0 0 0 0
0.518257975578308 0.518141984939575 0.517157971858978 0.517252027988434 0.517031013965607 0.516752004623413 0.516671001911163 0.514720022678375 0.514469981193542 0.513369977474213 0.513001024723053 0.512104988098145 0.511931002140045 0.511691987514496 0.51104599237442 0.510064005851746 0.50822502374649 0.510272979736328 0.50935298204422 0.508857011795044 0.507879018783569 0.506577014923096 0.507358014583588 0.507411003112793 0.507625997066498 0.50796502828598 0.508625984191895 0.509665012359619 0.510241985321045 0.5103679895401 0.51003098487854 0.510277986526489 0.511822998523712 0.511282026767731 0.512616991996765 0.512665987014771 0.512127995491028 0.511578023433685 0.510280013084412 0.50977498292923 0 0 0 0 0 0 0 0 0 0
0.518607020378113 0.518137991428375 0.517592012882233 0.516735970973969 0.517130017280579 0.517189979553223 0.516071975231171 0.51450502872467 0.515662014484406 0.514657974243164 0.513527989387512 0.512923002243042 0.512260019779205 0.511651992797852 0.511358022689819 0.510848999023438 0.509144008159637 0.510024011135101 0.50967401266098 0.509027004241943 0.508224010467529 0.507005989551544 0.507799029350281 0.507831990718842 0.507983982563019 0.508324027061462 0.508728981018066 0.509541988372803 0.509871006011963 0.510683000087738 0.511276006698608 0.511488974094391 0.512080013751984 0.511152982711792 0.511627972126007 0.511649012565613 0.511141002178192 0.510887980461121 0.508010983467102 0.508109986782074 0 0 0 0 0 0 0 0 0 0
0.518387019634247 0.518445014953613 0.517813980579376 0.517687022686005 0.516228973865509 0.516090989112854 0.517000019550323 0.514967978000641 0.51526802778244 0.51452499628067 0.513904988765717 0.513525009155273 0.512952983379364 0.512265980243683 0.511106014251709 0.510600984096527 0.509899973869324 0.509819984436035 0.509476006031036 0.50900799036026 0.508503019809723 0.507465004920959 0.507538974285126 0.508515000343323 0.508801996707916 0.50892698764801 0.509450972080231 0.509500026702881 0.509362995624542 0.510468006134033 0.510376989841461 0.510762989521027 0.510806977748871 0.510881006717682 0.510887980461121 0.510562002658844 0.510088980197906 0.507598996162415 0.506318986415863 0.506197988986969 0 0 0 0 0 0 0 0 0 0
0.518284976482391 0.518249988555908 0.517805993556976 0.517522990703583 0.515594005584717 0.517005026340485 0.51553601026535 0.514571011066437 0.514797985553741 0.514617025852203 0.514190971851349 0.513862013816833 0.513113975524902 0.512468993663788 0.511457026004791 0.510233998298645 0.510378003120422 0.510043025016785 0.509613990783691 0.509405970573425 0.508957982063293 0.508184015750885 0.50730699300766 0.508445978164673 0.508975982666016 0.508431971073151 0.50900000333786 0.50975900888443 0.508988976478577 0.509112000465393 0.509406983852386 0.510596990585327 0.509752988815308 0.510402977466583 0.51002699136734 0.509666979312897 0.508643984794617 0.506757020950317 0.505178987979889 0.505648016929626 0 0 0 0 0 0 0 0 0 0
