Sp_maps/Fauna_Cerrado/Glyphonycteris_behnii.asc
NCOLS 186 
NROWS 224 
XLLCORNER -60.109416846 
YLLCORNER -24.68462619 
CELLSIZE 0.1 
NODATA_value -3.4e+38 
[rows 110 to 131 of 224, columns 100 to 149 of 186]
0.517449975013733 0.517108976840973 0.517198979854584 0.516534984111786 0.516712009906769 0.516184985637665 0.515193998813629 0.515066981315613 0.51460999250412 0.514572024345398 0.514231026172638 0.513988018035889 0.513239979743958 0.512777984142303 0.511945009231567 0.510724008083344 0.510855972766876 0.509968996047974 0.509472012519836 0.509061992168427 0.509083986282349 0.508522987365723 0.507462024688721 0.507524013519287 0.507959008216858 0.508090972900391 0.50857800245285 0.50968998670578 0.509100019931793 0.509962975978851 0.509984016418457 0.509841978549957 0.509428977966309 0.509783983230591 0.509464025497437 0.508912980556488 0.508089005947113 0.5069460272789 0.506412982940674 0 0 0 0 0 0 0 0 0 0 0
0.516821026802063 0.517343997955322 0.516279995441437 0.516436994075775 0.516122996807098 0.515634000301361 0.514761984348297 0.51476001739502 0.514156997203827 0.514549970626831 0.514711976051331 0.514253973960876 0.513819992542267 0.513031005859375 0.512278020381927 0.511080980300903 0.51043701171875 0.510269999504089 0.509697020053864 0.509288012981415 0.509137988090515 0.508901000022888 0.5085129737854 0.5085089802742 0.506330013275146 0.506465017795563 0.50720602273941 0.509935021400452 0.509761989116669 0.509777009487152 0.509667992591858 0.508319020271301 0.509032011032104 0.509346008300781 0.508964002132416 0.50875598192215 0.507803976535797 0.506174981594086 0.505132019519806 0 0 0 0 0 0 0 0 0 0 0
0.516535997390747 0.515480995178223 0.515991985797882 0.515936017036438 0.515429019927979 0.514849007129669 0.515124976634979 0.514531016349792 0.514838993549347 0.51468700170517 0.514567017555237 0.514432013034821 0.514006018638611 0.513478994369507 0.512497007846832 0.512847006320953 0.511909008026123 0.510614991188049 0.509970009326935 0.509545981884003 0.509585022926331 0.509579002857208 0.508987009525299 0.508809983730316 0.507248997688293 0.507260978221893 0.507246971130371 0.509828984737396 0.50934898853302 0.509420990943909 0.509235024452209 0.508886992931366 0.508890986442566 0.5088130235672 0.50838702917099 0.508276998996735 0.506949007511139 0.505801975727081 0.504715979099274 0 0 0 0 0 0 0 0 0 0 0
0.515155971050262 0.514791011810303 0.51543402671814 0.515426993370056 0.515196979045868 0.515093982219696 0.515222012996674 0.514797985553741 0.514977991580963 0.51501601934433 0.514815986156464 0.514629006385803 0.514599025249481 0.514594972133636 0.515303015708923 0.515982985496521 0.515680015087128 0.511931002140045 0.511108994483948 0.510980010032654 0.510703980922699 0.510517001152039 0.50976699590683 0.509621024131775 0.510267019271851 0.509557008743286 0.508545994758606 0.509374022483826 0.509764015674591 0.509046971797943 0.508657991886139 0.508943974971771 0.508432984352112 0.508449018001556 0.508506000041962 0.508520007133484 0.50790798664093 0.506116986274719 0.504148006439209 0 0 0 0 0 0 0 0 0 0 0
0.51426500082016 0.515824019908905 0.515102982521057 0.515138983726501 0.515136003494263 0.515389978885651 0.515208005905151 0.514859020709991 0.514860987663269 0.514883995056152 0.514769017696381 0.514816999435425 0.514231979846954 0.514703989028931 0.515479028224945 0.517275989055634 0.516880989074707 0.513386011123657 0.512462019920349 0.511511981487274 0.51076602935791 0.510888993740082 0.510748028755188 0.510387003421783 0.510491013526917 0.510412991046906 0.509616017341614 0.509301006793976 0.509355008602142 0.509047985076904 0.508841991424561 0.508154988288879 0.508212983608246 0.50841099023819 0.508397996425629 0.508714973926544 0.508273005485535 0.506631970405579 0.50424998998642 0 0 0 0 0 0 0 0 0 0 0
0.514989972114563 0.514611005783081 0.514813005924225 0.515003979206085 0.514801025390625 0.515183985233307 0.515223026275635 0.514811992645264 0.514873027801514 0.514871001243591 0.514735996723175 0.514881014823914 0.514469981193542 0.513749003410339 0.516206026077271 0.517354011535645 0.515344977378845 0.514235019683838 0.512916028499603 0.510999023914337 0.511354982852936 0.511373996734619 0.510752022266388 0.510600984096527 0.510555028915405 0.510679006576538 0.508970022201538 0.508174002170563 0.508881986141205 0.508327007293701 0.508044004440308 0.507906019687653 0.508471012115479 0.508319973945618 0.50831001996994 0.508558988571167 0.508215010166168 0.506789982318878 0.504483997821808 0 0 0 0 0 0 0 0 0 0 0
0.514171004295349 0.514356970787048 0.514922022819519 0.514768004417419 0.514964997768402 0.514976978302002 0.51492702960968 0.514841020107269 0.514400005340576 0.514886975288391 0.514576971530914 0.514518022537231 0.513942003250122 0.515956997871399 0.516301989555359 0.516613006591797 0.515964984893799 0.514051020145416 0.512881994247437 0.511518001556396 0.511542975902557 0.511550009250641 0.510879993438721 0.51087099313736 0.510447978973389 0.507710993289948 0.504208981990814 0.506919026374817 0.50779002904892 0.507797002792358 0.507207989692688 0.508673012256622 0.508355975151062 0.508243024349213 0.508261978626251 0.508294999599457 0.508358001708984 0.506518006324768 0.504860997200012 0 0 0 0 0 0 0 0 0 0 0
0.514344990253448 0.514241993427277 0.51475602388382 0.514999985694885 0.515220999717712 0.515209019184113 0.515092015266418 0.515148997306824 0.514813005924225 0.514465987682343 0.514150023460388 0.514096975326538 0.514896988868713 0.515581011772156 0.515587985515594 0.515913009643555 0.515416979789734 0.512951016426086 0.512915015220642 0.512317001819611 0.511831998825073 0.511511981487274 0.510695993900299 0.509586989879608 0.506926000118256 0.505177021026611 0.505568981170654 0.509549021720886 0.508015990257263 0.508692026138306 0.508841991424561 0.508729994297028 0.508503019809723 0.508222997188568 0.50833398103714 0.508342027664185 0.508114993572235 0.506443023681641 0.505486011505127 0 0 0 0 0 0 0 0 0 0 0
0.513875007629395 0.51343297958374 0.514441013336182 0.514859020709991 0.515003979206085 0.515498995780945 0.515383005142212 0.515030026435852 0.514919996261597 0.514258027076721 0.514045000076294 0.514101982116699 0.514339029788971 0.514392971992493 0.514288008213043 0.514416992664337 0.513334989547729 0.51325798034668 0.512934029102325 0.511656999588013 0.511608004570007 0.51017302274704 0.507957994937897 0.50628000497818 0.506277978420258 0.506029009819031 0.505635023117065 0.506340026855469 0.509293973445892 0.508894026279449 0.508638978004456 0.508324027061462 0.50813901424408 0.507820010185242 0.507763981819153 0.507543981075287 0.507409989833832 0.505945980548859 0.50485897064209 0 0 0 0 0 0 0 0 0 0 0
0.513137996196747 0.513002991676331 0.514553010463715 0.514953017234802 0.515257000923157 0.515528976917267 0.515510022640228 0.515205025672913 0.514795005321503 0.51385897397995 0.513727009296417 0.513801991939545 0.513297975063324 0.513571977615356 0.513629019260406 0.513139009475708 0.511659979820251 0.512755990028381 0.512507021427155 0.511445999145508 0.511141002178192 0.509962975978851 0.509078025817871 0.507677972316742 0.507494986057281 0.507053017616272 0.506124973297119 0.507093012332916 0.508773982524872 0.508606970310211 0.508499979972839 0.508238971233368 0.507519006729126 0.507148027420044 0.507120013237 0.506696999073029 0.506824970245361 0.505382001399994 0.504639029502869 0 0 0 0 0 0 0 0 0 0 0
0.512332022190094 0.512674987316132 0.5139319896698 0.514892995357513 0.515533983707428 0.515668988227844 0.515542984008789 0.514661014080048 0.5140780210495 0.51365202665329 0.513589024543762 0.513158023357391 0.513180017471313 0.512956023216248 0.512148022651672 0.512350976467133 0.511017978191376 0.512350976467133 0.511974990367889 0.511698007583618 0.510200977325439 0.508831024169922 0.508485019207001 0.50779002904892 0.506438970565796 0.505891978740692 0.506159007549286 0.507439970970154 0.508692979812622 0.508506000041962 0.508130013942719 0.508047997951508 0.507345974445343 0.507502019405365 0.507139980792999 0.506309986114502 0.505670011043549 0.504401981830597 0.503849983215332 0 0 0 0 0 0 0 0 0 0 0
0.512355983257294 0.512439012527466 0.513827979564667 0.514868974685669 0.515470027923584 0.515820980072021 0.515763998031616 0.51450902223587 0.513899981975555 0.513419985771179 0.512974977493286 0.512778997421265 0.512296974658966 0.512199997901917 0.511223971843719 0.512251973152161 0.510996997356415 0.51195901632309 0.51146799325943 0.51137501001358 0.510719001293182 0.50925999879837 0.505872011184692 0.506941974163055 0.506601989269257 0.505832016468048 0.505838990211487 0.50721001625061 0.508448004722595 0.50823700428009 0.508005023002625 0.507490992546082 0.507421970367432 0.50756299495697 0.506138980388641 0.506871998310089 0.505262017250061 0.503750026226044 0.504121005535126 0 0 0 0 0 0 0 0 0 0 0
0.512256979942322 0.512350976467133 0.513673007488251 0.514742970466614 0.515577018260956 0.515703022480011 0.515582978725433 0.514706015586853 0.513998985290527 0.513369023799896 0.512919008731842 0.512443006038666 0.511430978775024 0.511141002178192 0.510924994945526 0.511210978031158 0.510869979858398 0.5105220079422 0.510380029678345 0.510505020618439 0.509532988071442 0.508579015731812 0.506084024906158 0.505515992641449 0.505266010761261 0.50552898645401 0.505333006381989 0.508015990257263 0.508504986763 0.508267998695374 0.507777988910675 0.507466018199921 0.507239997386932 0.506825983524323 0.507386982440948 0.505508005619049 0.504311978816986 0.503404974937439 0.50314199924469 0 0 0 0 0 0 0 0 0 0 0
0.513004004955292 0.513028979301453 0.51425302028656 0.51487398147583 0.516294002532959 0.516137003898621 0.516435027122498 0.514266014099121 0.51359498500824 0.512847006320953 0.512265980243683 0.512076020240784 0.511358976364136 0.510415017604828 0.51097297668457 0.510387003421783 0.508686006069183 0.507048010826111 0.5085129737854 0.508669018745422 0.505329012870789 0.50423401594162 0.503248989582062 0.502717971801758 0.502623975276947 0.502557992935181 0.503337979316711 0.508643984794617 0.508255004882812 0.508087992668152 0.508719980716705 0.507839024066925 0.50677901506424 0.507040977478027 0.505788028240204 0.503427982330322 0.501217007637024 0.502938985824585 0.501679003238678 0 0 0 0 0 0 0 0 0 0 0
0.513449013233185 0.513876974582672 0.514470994472504 0.515183985233307 0.516058027744293 0.51621800661087 0.516551971435547 0.514240980148315 0.513432025909424 0.512751996517181 0.512027025222778 0.511596977710724 0.510169982910156 0.510251998901367 0.510285019874573 0.510250985622406 0.509141981601715 0.506842970848083 0.505207002162933 0.505044996738434 0.503996014595032 0.502978026866913 0.502722978591919 0.502241015434265 0.50188797712326 0.502246975898743 0.502774000167847 0.508153975009918 0.508347988128662 0.507772028446198 0.508701980113983 0.507250010967255 0.507463991641998 0.506376028060913 0.506533980369568 0.501792013645172 0.500699996948242 0.501237988471985 0.501646995544434 0 0 0 0 0 0 0 0 0 0 0
0.513979017734528 0.51409500837326 0.514496028423309 0.51487398147583 0.515312016010284 0.515784978866577 0.515542984008789 0.513804018497467 0.513045012950897 0.512067019939423 0.51154100894928 0.510837972164154 0.508978009223938 0.510519981384277 0.509472012519836 0.509027004241943 0.507062971591949 0.505262970924377 0.50423401594162 0.503870010375977 0.502543985843658 0.502699971199036 0.501958012580872 0.501821994781494 0.501565992832184 0.501505970954895 0.502910971641541 0.506922006607056 0.508080005645752 0.50797301530838 0.507673978805542 0.506986021995544 0.505783021450043 0.505923986434937 0.505915999412537 0.503077983856201 0.50068199634552 0.501330971717834 0.500966012477875 0 0 0 0 0 0 0 0 0 0 0
0.514295995235443 0.514423012733459 0.514198005199432 0.514401972293854 0.514652013778687 0.514550983905792 0.514334976673126 0.51308798789978 0.512259006500244 0.511474013328552 0.51105797290802 0.509279012680054 0.509806990623474 0.509495973587036 0.509768009185791 0.509155988693237 0.50773698091507 0.506111979484558 0.505427002906799 0.504423975944519 0.502798974514008 0.50349098443985 0.502982020378113 0.502874970436096 0.500039994716644 0.501214981079102 0.505383014678955 0.507252991199493 0.508256018161774 0.508099973201752 0.508144974708557 0.506529986858368 0.502129018306732 0.504038989543915 0.504848003387451 0.502350986003876 0.500586986541748 0.501093983650208 0.500285983085632 0 0 0 0 0 0 0 0 0 0 0
0.514496982097626 0.51366001367569 0.513768970966339 0.513966023921967 0.513947010040283 0.513684988021851 0.513163983821869 0.512283980846405 0.51145601272583 0.510792970657349 0.509742021560669 0.507121980190277 0.509347975254059 0.508771002292633 0.508928000926971 0.507780015468597 0.506601989269257 0.506797015666962 0.506166994571686 0.505380988121033 0.504217982292175 0.504055976867676 0.503024995326996 0.50347900390625 0.500450015068054 0.502372980117798 0.506757020950317 0.504787027835846 0.508156001567841 0.508006989955902 0.508386015892029 0.507490992546082 0.501307010650635 0.501159012317657 0.503269016742706 0.503024995326996 0.501838028430939 0.500563025474548 0.500315010547638 0 0 0 0 0 0 0 0 0 0 0
0.513495028018951 0.513073980808258 0.513018012046814 0.512311995029449 0.51232898235321 0.511906981468201 0.511946976184845 0.510052025318146 0.508781015872955 0.507057011127472 0.506726980209351 0.507872998714447 0.508108019828796 0.507674992084503 0.507851004600525 0.507995009422302 0.505981028079987 0.506319999694824 0.505508005619049 0.504683017730713 0.504626989364624 0.5035679936409 0.500459015369415 0.502238988876343 0.498932003974915 0.498221009969711 0.502969980239868 0.506339013576508 0.505035996437073 0.50799697637558 0.506354987621307 0.50687301158905 0.500375986099243 0.500120997428894 0.501579999923706 0.500838994979858 0.500819981098175 0.499823004007339 0.500194013118744 0 0 0 0 0 0 0 0 0 0 0
0.512714982032776 0.512723982334137 0.512569010257721 0.511500000953674 0.511205017566681 0.511063992977142 0.510694980621338 0.509419977664948 0.506932973861694 0.507506012916565 0.507058024406433 0.508590996265411 0.508032023906708 0.50567501783371 0.507432997226715 0.507236003875732 0.506738007068634 0.505266010761261 0.50466400384903 0.503910005092621 0.503502011299133 0.503516018390656 0.500361979007721 0.499902009963989 0.499033004045486 0.497079014778137 0.499635010957718 0.505849003791809 0.505719006061554 0.503376007080078 0.507097005844116 0.504395008087158 0.499597012996674 0.500230014324188 0.500519990921021 0.500102996826172 0.500302970409393 0.500916004180908 0.499612003564835 0 0 0 0 0 0 0 0 0 0 0
0.512791991233826 0.512570023536682 0.511968970298767 0.511280000209808 0.511058986186981 0.511066019535065 0.510199010372162 0.509423971176147 0.509456992149353 0.507965981960297 0.507748007774353 0.507761001586914 0.507495999336243 0.506388008594513 0.506505012512207 0.507157027721405 0.506181001663208 0.503184020519257 0.50409597158432 0.503392994403839 0.502659022808075 0.50178599357605 0.499965995550156 0.49711000919342 0.497090011835098 0.496390014886856 0.49610298871994 0.503266990184784 0.502811014652252 0.501069009304047 0.503965973854065 0.502439975738525 0.499251991510391 0.499825000762939 0.500675022602081 0.499772012233734 0.499911993741989 0.501350998878479 0.499716013669968 0 0 0 0 0 0 0 0 0 0 0
0.512776970863342 0.512174010276794 0.511256992816925 0.511036992073059 0.510664999485016 0.510927021503448 0.510520994663239 0.509209990501404 0.509002983570099 0.507916986942291 0.507234990596771 0.507386028766632 0.505816996097565 0.505275011062622 0.50629997253418 0.506802022457123 0.505568981170654 0.503602027893066 0.502166986465454 0.5017049908638 0.501276016235352 0.501911997795105 0.500328004360199 0.497009009122849 0.497361987829208 0.495999991893768 0.495492994785309 0.502448976039886 0.502112984657288 0.499873012304306 0.500676989555359 0.502602994441986 0.501594007015228 0.499763011932373 0.502174973487854 0.501380026340485 0.499348014593124 0.501776993274689 0.501080989837646 0 0 0 0 0 0 0 0 0 0 0
