Sp_maps/Fauna_Cerrado/Glyphonycteris_behnii.asc
NCOLS 186 
NROWS 224 
XLLCORNER -60.109416846 
YLLCORNER -24.68462619 
CELLSIZE 0.1 
NODATA_value -3.4e+38 
[rows 110 to 131 of 224, columns 0 to 49 of 186]
-3.4e+38 -3.4e+38 -3.4e+38 0.503683984279633 0.503995001316071 0.505030989646912 0.505469024181366 0.505698978900909 0.505162000656128 0.506205976009369 0.505982995033264 0.506493985652924 0.506188988685608 0.505981981754303 0.506953001022339 0.507508993148804 0.507129013538361 0.508831024169922 0.508719980716705 0.50933700799942 0.509745001792908 0.509733974933624 0.511039972305298 0.512241005897522 0.513144016265869 0.513460993766785 0.514019012451172 0.515155971050262 -3.4e+38 -3.4e+38 -3.4e+38 -3.4e+38 -3.4e+38 0.516071975231171 0.516243994235992 0.516363024711609 0.515874028205872 0.515294015407562 0.515230000019073 0.514779984951019 0.514284014701843 0.514212012290955 0.513352990150452 0.512962996959686 0.512516975402832 0.512664020061493 0.512440979480743 0.510582983493805 0.509712994098663 0.509500980377197
-3.4e+38 -3.4e+38 -3.4e+38 -3.4e+38 0.503642976284027 0.503840029239655 0.505162000656128 0.504749000072479 0.505044996738434 0.505451023578644 0.505262970924377 0.506043016910553 0.505903005599976 0.505985021591187 0.506565988063812 0.506659984588623 0.506796002388 0.508449018001556 0.50833797454834 0.508867979049683 0.509591996669769 0.509324014186859 0.510581016540527 0.511739015579224 0.513028979301453 0.513190984725952 0.512880980968475 -3.4e+38 -3.4e+38 -3.4e+38 0.515366017818451 0.515913009643555 0.515909016132355 0.515823006629944 0.516435980796814 0.516516983509064 0.515963017940521 0.51521497964859 0.514995992183685 0.514770984649658 0.514374017715454 0.514122009277344 0.513262987136841 0.512781023979187 0.512399017810822 0.511910021305084 0.511819005012512 0.510981023311615 0.509855985641479 0.509086012840271
-339999999999999996123846586046231871488.000000000000000 -3.4e+38 -3.4e+38 -3.4e+38 -3.4e+38 -3.4e+38 0.504845023155212 0.505002021789551 0.504604995250702 0.504880011081696 0.504890978336334 0.505581974983215 0.505478024482727 0.505779981613159 0.506262004375458 0.506148993968964 0.506572008132935 0.508221983909607 0.508117973804474 0.508190989494324 0.508884012699127 0.509432017803192 0.510737001895905 0.511557996273041 0.512597024440765 0.512422025203705 0.512715995311737 -3.4e+38 -3.4e+38 -3.4e+38 0.515181005001068 0.515785992145538 0.516022980213165 0.516241014003754 0.516317009925842 0.516174972057343 0.516242027282715 0.515654027462006 0.515374004840851 0.515079975128174 0.514446973800659 0.514019012451172 0.513038992881775 0.512565970420837 0.512251973152161 0.51165497303009 0.51146799325943 0.511267006397247 0.509979009628296 0.50858598947525
-3.4e+38 -3.4e+38 -3.4e+38 -3.4e+38 -3.4e+38 -3.4e+38 -3.4e+38 0.503858983516693 0.50397002696991 0.503880023956299 0.504544973373413 0.504774987697601 0.504548013210297 0.504985988140106 0.505155980587006 0.505267024040222 0.506256997585297 0.506344020366669 0.506666004657745 0.507445991039276 0.507839024066925 0.508938014507294 0.509522020816803 0.511161029338837 0.511395990848541 0.511114001274109 0.511831998825073 -3.4e+38 -3.4e+38 -3.4e+38 0.514267027378082 0.514101028442383 0.515541017055511 0.515878021717072 0.515615999698639 0.514937996864319 0.515039026737213 0.515819013118744 0.515564978122711 0.515011012554169 0.514478027820587 0.513222992420197 0.512202978134155 0.511891007423401 0.511411011219025 0.511061012744904 0.510499000549316 0.509594023227692 0.509006977081299 0.508861005306244
-3.4e+38 -3.4e+38 -3.4e+38 -3.4e+38 -3.4e+38 -3.4e+38 0.504271984100342 0.502910017967224 0.503766000270844 0.503412008285522 0.503913998603821 0.504445016384125 0.503741979598999 0.504577994346619 0.504751026630402 0.505550026893616 0.505995988845825 0.505743980407715 0.506537020206451 0.506669998168945 0.507416009902954 0.508597016334534 0.509889006614685 0.510872006416321 0.510488986968994 0.510809004306793 0.511587977409363 0.512054979801178 0.512872993946075 0.513038992881775 0.513334989547729 0.514056980609894 0.515335023403168 0.515064001083374 0.515419006347656 0.514832973480225 0.514919996261597 0.515906989574432 0.515293002128601 0.514917016029358 0.514048993587494 0.513105988502502 0.511956989765167 0.511298000812531 0.510568022727966 0.510428011417389 0.509745001792908 0.508540987968445 0.508000016212463 0.508228003978729
-3.4e+38 -3.4e+38 -3.4e+38 0.502412021160126 0.502924025058746 0.503367006778717 0.503287017345428 0.502916991710663 0.502888977527618 0.502803027629852 0.502988994121552 0.504317998886108 0.503013014793396 0.503654003143311 0.504447996616364 0.504139006137848 0.505186021327972 0.505275011062622 0.50629597902298 0.506102979183197 0.507336974143982 0.507274985313416 0.509365975856781 0.510013997554779 0.509513020515442 0.510742008686066 0.510828018188477 0.511799991130829 0.512099027633667 0.512664020061493 0.513127028942108 0.513584971427917 0.513966023921967 0.514468014240265 0.51495897769928 0.514159977436066 0.515398025512695 0.515429973602295 0.515107989311218 0.513698995113373 0.51324599981308 0.512799978256226 0.511258006095886 0.510726988315582 0.510335981845856 0.509594976902008 0.509100019931793 0.507754981517792 0.509286999702454 0.507933020591736
-3.4e+38 -3.4e+38 -3.4e+38 -3.4e+38 0.503480017185211 0.502901017665863 0.502515017986298 0.503040015697479 0.502104997634888 0.50211101770401 0.503066003322601 0.503336012363434 0.502803981304169 0.503633975982666 0.503943026065826 0.5035640001297 0.504747986793518 0.504666984081268 0.505097985267639 0.505569994449615 0.507041990756989 0.506597995758057 0.509065985679626 0.508943974971771 0.509725987911224 0.510432004928589 0.510295987129211 0.511421024799347 0.511578023433685 0.511986970901489 0.512699007987976 0.513724982738495 0.51401698589325 0.515091001987457 0.51451301574707 0.513595998287201 0.51476001739502 0.515477001667023 0.514890015125275 0.513499021530151 0.511951982975006 0.512184977531433 0.510888993740082 0.510047018527985 0.509361982345581 0.509640991687775 0.508454978466034 0.5071120262146 0.507537007331848 0.508327007293701
-3.4e+38 -3.4e+38 -3.4e+38 -3.4e+38 -3.4e+38 0.503323972225189 0.50271999835968 0.50272399187088 0.501317024230957 0.501316010951996 0.502484023571014 0.50280499458313 0.502570986747742 0.50273597240448 0.503361999988556 0.503009021282196 0.504114985466003 0.504310011863708 0.503984987735748 0.505038022994995 0.506493985652924 0.505787014961243 0.508539021015167 0.508247017860413 0.509485006332397 0.509701013565063 0.509820997714996 0.510827004909515 0.51120799779892 0.512084007263184 -3.4e+38 -3.4e+38 -3.4e+38 0.514477014541626 0.514367997646332 0.513890981674194 0.514198005199432 0.514798998832703 0.514306008815765 0.513384997844696 0.513023972511292 0.511961996555328 0.510434985160828 0.510002970695496 0.510819971561432 0.508789002895355 0.508691012859344 0.506596028804779 0.507079005241394 0.507987022399902
-3.4e+38 -3.4e+38 -3.4e+38 -3.4e+38 -3.4e+38 0.502018988132477 0.501331984996796 0.50061297416687 0.501178979873657 0.501415014266968 0.502027988433838 0.500904977321625 0.501295983791351 0.501501977443695 0.501742005348206 0.501374006271362 0.501787006855011 0.502079010009766 0.502447009086609 0.504480004310608 0.504500985145569 0.504639029502869 0.50585800409317 0.5069460272789 0.508179008960724 -3.4e+38 -3.4e+38 -3.4e+38 -3.4e+38 -3.4e+38 -3.4e+38 -3.4e+38 -3.4e+38 -3.4e+38 0.51343697309494 0.512794017791748 0.512287974357605 0.512802004814148 0.512578010559082 0.512400984764099 0.512992978096008 0.511946976184845 0.510812997817993 0.511502027511597 0.510971009731293 0.510812997817993 0.50900000333786 0.507854998111725 0.506561994552612 0.507539987564087
-3.4e+38 -3.4e+38 -3.4e+38 -3.4e+38 -3.4e+38 0.501947999000549 0.500151991844177 0.499902993440628 0.499989986419678 0.501082003116608 0.50152999162674 0.500522971153259 0.500440001487732 0.500859022140503 0.500684022903442 0.500810027122498 0.501592993736267 0.501137018203735 0.502542972564697 0.5033940076828 0.503467977046967 0.504770994186401 0.505699992179871 0.506991028785706 -3.4e+38 -3.4e+38 -3.4e+38 -3.4e+38 -3.4e+38 -3.4e+38 -3.4e+38 -3.4e+38 -3.4e+38 -3.4e+38 0.514133989810944 0.513350009918213 0.512058019638062 0.512305021286011 0.51230001449585 0.512489020824432 0.513032019138336 0.511547982692719 0.511713981628418 0.51079398393631 0.510361015796661 0.510173976421356 0.509244024753571 0.508768022060394 0.507806003093719 0.508795022964478
-3.4e+38 -3.4e+38 -3.4e+38 -3.4e+38 -3.4e+38 -3.4e+38 0.499772012233734 0.499469995498657 0.500371992588043 0.500899016857147 0.50094199180603 0.501075983047485 0.499990999698639 0.500522971153259 0.499792009592056 0.500923991203308 0.500931978225708 0.500676989555359 0.50229799747467 0.50229400396347 0.502735018730164 0.504745006561279 0.507314026355743 -3.4e+38 -3.4e+38 -3.4e+38 -3.4e+38 -3.4e+38 -3.4e+38 -3.4e+38 -3.4e+38 -3.4e+38 -3.4e+38 -3.4e+38 0.512603998184204 0.5122230052948 0.512547016143799 0.512445986270905 0.512732028961182 0.512014985084534 0.511353015899658 0.511462986469269 0.510482013225555 0.510585010051727 0.511677026748657 0.511675000190735 0.510589003562927 0.509899020195007 0.509379982948303 0.508642971515656
-3.4e+38 -3.4e+38 -3.4e+38 -3.4e+38 -3.4e+38 -3.4e+38 0.501078009605408 0.499509006738663 0.499388009309769 0.500388026237488 0.500818014144897 0.50018298625946 0.499527990818024 0.499264001846313 0.500011026859283 0.500364005565643 0.500524997711182 0.500530004501343 0.501609027385712 0.5035719871521 0.503445982933044 -3.4e+38 -3.4e+38 -3.4e+38 -3.4e+38 -3.4e+38 -3.4e+38 -3.4e+38 -3.4e+38 -3.4e+38 -3.4e+38 -3.4e+38 -3.4e+38 -3.4e+38 0.511905014514923 0.512930989265442 0.513705015182495 0.512033998966217 0.511550009250641 0.510586023330688 0.510942995548248 0.511078000068665 0.510092973709106 0.510671973228455 0.510466992855072 0.510728001594543 0.509002983570099 0.508490979671478 0.507795989513397 0.507553994655609
-3.4e+38 -3.4e+38 -3.4e+38 -3.4e+38 -3.4e+38 -3.4e+38 -3.4e+38 0.49873098731041 0.498919010162354 0.499103009700775 0.500621974468231 0.500141978263855 0.499440997838974 0.499139010906219 0.49957001209259 0.500379025936127 0.500910997390747 0.501200020313263 0.502689003944397 0.504104971885681 0.504752993583679 -3.4e+38 -3.4e+38 -3.4e+38 -3.4e+38 -3.4e+38 -3.4e+38 -3.4e+38 -3.4e+38 -3.4e+38 -3.4e+38 -3.4e+38 -3.4e+38 -3.4e+38 0.514454007148743 0.513799011707306 0.512513995170593 0.510630011558533 0.509997010231018 0.510662972927094 0.511767983436584 0.511198997497559 0.510578989982605 0.509577989578247 0.50968599319458 0.508243024349213 0.507974028587341 0.506668984889984 0.507139980792999 0.507246017456055
-3.4e+38 -3.4e+38 -3.4e+38 -3.4e+38 -3.4e+38 -3.4e+38 -3.4e+38 -3.4e+38 0.498365998268127 0.49881500005722 0.499321013689041 0.500465989112854 0.499716997146606 0.499754995107651 0.50074702501297 0.501377999782562 0.502493023872375 0.501716017723083 0.503153026103973 0.505205988883972 0.506102025508881 -3.4e+38 -3.4e+38 -3.4e+38 -3.4e+38 -3.4e+38 -3.4e+38 -3.4e+38 -3.4e+38 -3.4e+38 -3.4e+38 -3.4e+38 -3.4e+38 -3.4e+38 0.510290026664734 0.510860979557037 0.509980022907257 0.509854018688202 0.509804010391235 0.509456992149353 0.509512007236481 0.509465992450714 0.509355008602142 0.508771002292633 0.508476972579956 0.508302986621857 0.508409023284912 0.507785022258759 0.507546007633209 0.50730699300766
-3.4e+38 -3.4e+38 -3.4e+38 -3.4e+38 -3.4e+38 -3.4e+38 -3.4e+38 -3.4e+38 0.499893009662628 0.498499006032944 0.498683005571365 0.49965500831604 0.499826014041901 0.500442981719971 0.50178200006485 0.501890003681183 0.501402974128723 0.503329992294312 0.504177987575531 0.505174994468689 -3.4e+38 -3.4e+38 -3.4e+38 -3.4e+38 -3.4e+38 -3.4e+38 -3.4e+38 -3.4e+38 -3.4e+38 -3.4e+38 -3.4e+38 -3.4e+38 -3.4e+38 -3.4e+38 0.508705019950867 0.507641971111298 0.508293986320496 0.507987022399902 0.507565021514893 0.508081018924713 0.508054971694946 0.50799298286438 0.508044004440308 0.508503973484039 0.508441984653473 0.508234977722168 0.508269011974335 0.508415997028351 0.507923007011414 0.50748997926712
-3.4e+38 -3.4e+38 -3.4e+38 -3.4e+38 -3.4e+38 -3.4e+38 -3.4e+38 -3.4e+38 -3.4e+38 0.498690009117126 0.499013990163803 0.499228000640869 0.500074028968811 0.500279009342194 0.502071022987366 0.501945018768311 0.502179980278015 0.502915978431702 0.50287801027298 0.504110991954803 -3.4e+38 -3.4e+38 -3.4e+38 -3.4e+38 -3.4e+38 -3.4e+38 -3.4e+38 -3.4e+38 -3.4e+38 -3.4e+38 -3.4e+38 -3.4e+38 -3.4e+38 0.509420990943909 0.506923019886017 0.506704986095428 0.506093978881836 0.505415022373199 0.50561797618866 0.505972981452942 0.506379008293152 0.50729900598526 0.50782698392868 0.507704019546509 0.507872998714447 0.508005976676941 0.507993996143341 0.507269978523254 0.506974995136261 0.506801009178162
-3.4e+38 -3.4e+38 -3.4e+38 -3.4e+38 -3.4e+38 -3.4e+38 -3.4e+38 -3.4e+38 -3.4e+38 -3.4e+38 0.499292999505997 0.499532014131546 0.501043975353241 0.501195013523102 0.502389013767242 0.501601994037628 0.502821981906891 0.502137005329132 0.503378987312317 -3.4e+38 -3.4e+38 -3.4e+38 -3.4e+38 -3.4e+38 -3.4e+38 -3.4e+38 -3.4e+38 -3.4e+38 -3.4e+38 -3.4e+38 0.511821985244751 -3.4e+38 -3.4e+38 0.507385015487671 0.505639970302582 0.504822015762329 0.503973007202148 0.503078997135162 0.503741979598999 0.504552006721497 0.505128026008606 0.506510019302368 0.506816983222961 0.507595002651215 0.507466018199921 0.506935000419617 0.506582021713257 0.505294024944305 0.504914999008179 0.5052570104599
-3.4e+38 -3.4e+38 -3.4e+38 -3.4e+38 -3.4e+38 -3.4e+38 -3.4e+38 -3.4e+38 -3.4e+38 -3.4e+38 -3.4e+38 0.500828981399536 0.501479983329773 0.50238698720932 0.501305997371674 0.501834988594055 0.502717971801758 0.501675009727478 -3.4e+38 -3.4e+38 -3.4e+38 -3.4e+38 -3.4e+38 -3.4e+38 -3.4e+38 -3.4e+38 -3.4e+38 -3.4e+38 -3.4e+38 -3.4e+38 0.510969996452332 0.510159015655518 -3.4e+38 0.505544006824493 0.504285991191864 0.503013014793396 0.501689970493317 0.500886023044586 0.502237021923065 0.503189027309418 0.503643989562988 0.504944980144501 0.506205976009369 0.506793022155762 0.506723999977112 0.506789982318878 0.506519973278046 0.505967974662781 0.504162013530731 0.50295102596283
-3.4e+38 -3.4e+38 -3.4e+38 -3.4e+38 -3.4e+38 -3.4e+38 -3.4e+38 -3.4e+38 -3.4e+38 -3.4e+38 -3.4e+38 -3.4e+38 -3.4e+38 -3.4e+38 -3.4e+38 -3.4e+38 -3.4e+38 -3.4e+38 -3.4e+38 -3.4e+38 -3.4e+38 -3.4e+38 -3.4e+38 -3.4e+38 -3.4e+38 -3.4e+38 -3.4e+38 -3.4e+38 -3.4e+38 -3.4e+38 0.509290993213654 0.507772028446198 0.503768980503082 0.502875983715057 0.502322018146515 0.50094199180603 0.499357014894485 0.497860997915268 0.499803006649017 0.501483976840973 0.502910971641541 0.503679990768433 0.504064977169037 0.504805028438568 0.505398988723755 0.505429983139038 0.505814015865326 0.505585014820099 0.504292011260986 0.502749025821686
-3.4e+38 -3.4e+38 -3.4e+38 -3.4e+38 -3.4e+38 -3.4e+38 -3.4e+38 -3.4e+38 -3.4e+38 -3.4e+38 -3.4e+38 -3.4e+38 -3.4e+38 -3.4e+38 -3.4e+38 -3.4e+38 -3.4e+38 -3.4e+38 -3.4e+38 -3.4e+38 -3.4e+38 -3.4e+38 -3.4e+38 -3.4e+38 -3.4e+38 -3.4e+38 -3.4e+38 -3.4e+38 -3.4e+38 -3.4e+38 -3.4e+38 0.506525993347168 0.503017008304596 0.50281298160553 0.501924991607666 0.500905990600586 0.499632000923157 0.499191999435425 0.500490009784698 0.502149999141693 0.50304901599884 0.503425002098083 0.502982020378113 0.503413021564484 0.504907011985779 0.504957020282745 0.505074977874756 0.503656983375549 0.5034099817276 0.503005981445312
-3.4e+38 -3.4e+38 -3.4e+38 -3.4e+38 -3.4e+38 -3.4e+38 -3.4e+38 -3.4e+38 -3.4e+38 -3.4e+38 -3.4e+38 -3.4e+38 -3.4e+38 -3.4e+38 -3.4e+38 -3.4e+38 -3.4e+38 -3.4e+38 -3.4e+38 -3.4e+38 -3.4e+38 -3.4e+38 -3.4e+38 -3.4e+38 -3.4e+38 -3.4e+38 -3.4e+38 -3.4e+38 0.509391009807587 0.508390009403229 0.505730986595154 0.505105972290039 0.50272798538208 0.502412021160126 0.501820981502533 0.501268029212952 0.500367999076843 0.500651001930237 0.501877009868622 0.502788007259369 0.503121018409729 0.504348993301392 0.50237900018692 0.501836001873016 0.503314971923828 0.504346013069153 0.50457900762558 0.5035640001297 0.502819001674652 0.502315998077393
-3.4e+38 -3.4e+38 -3.4e+38 -3.4e+38 -3.4e+38 -3.4e+38 -3.4e+38 -3.4e+38 -3.4e+38 -3.4e+38 -3.4e+38 -3.4e+38 -3.4e+38 -3.4e+38 -3.4e+38 -3.4e+38 -3.4e+38 -3.4e+38 -3.4e+38 -3.4e+38 -3.4e+38 -3.4e+38 -3.4e+38 -3.4e+38 -3.4e+38 -3.4e+38 -3.4e+38 -3.4e+38 0.508027017116547 0.507053017616272 0.504989981651306 0.505137026309967 0.50230997800827 0.503159999847412 0.502377986907959 0.501425981521606 0.501255989074707 0.501909971237183 0.502393007278442 0.503150999546051 0.503919005393982 0.504739999771118 0.501424014568329 0.500568985939026 0.50118100643158 0.501492977142334 0.502054989337921 0.50202202796936 0.502142012119293 0.501969993114471
