Sp_maps/Fauna_Cerrado/Lonchophylla_dekeyseri.asc
NCOLS 186 
NROWS 224 
XLLCORNER -60.109416846 
YLLCORNER -24.68462619 
CELLSIZE 0.1 
NODATA_value -3.4e+38 
[rows 147 to 167 of 224, columns 92 to 137 of 186]
0.754710972309113 0.727330029010773 0.704011976718903 0.720004022121429 0.742763996124268 0.621957004070282 0.707333981990814 0.707790017127991 0.655129015445709 0.631537020206451 0.708968997001648 0.632687985897064 0.752982974052429 0.69685298204422 0.763682007789612 0.742035984992981 0.659537971019745 0.590219020843506 0.559859991073608 0.595320999622345 0.648994028568268 0.63469797372818 0.607052981853485 0.614772021770477 0.629619002342224 0.597981989383698 0.591826975345612 0.551424980163574 0.549968004226685 0.572839021682739 0.618197023868561 0.595749974250793 0.650394022464752 0.62617301940918 0.582764983177185 0.477876991033554 0.502332985401154 0.504849970340729 0.525273978710175 0.487298995256424 0.362311005592346 0.367103010416031 0.347860008478165 0.338865011930466 0.343266010284424 0.343560010194778
0.703747987747192 0.689678013324738 0.654806971549988 0.653052985668182 0.68332701921463 0.607940018177032 0.608709990978241 0.614013016223907 0.596863985061646 0.629312992095947 0.715885996818542 0.616567015647888 0.600035011768341 0.647050023078918 0.676270008087158 0.625796020030975 0.552848994731903 0.543852984905243 0.540965974330902 0.566783010959625 0.599565029144287 0.5990149974823 0.533748984336853 0.52622002363205 0.554754018783569 0.562349021434784 0.495433002710342 0.48463699221611 0.489434003829956 0.544223010540009 0.627480983734131 0.64513099193573 0.645286023616791 0.488471001386642 0.588447988033295 0.475078999996185 0.491113007068634 0.421920001506805 0.403988987207413 0.409707009792328 0.397215008735657 0.388327986001968 0.356525003910065 0.34393098950386 0.338946014642715 0.337619006633759
0.716058015823364 0.676429986953735 0.656111001968384 0.627489984035492 0.643468976020813 0.630177021026611 0.58595198392868 0.572517991065979 0.600512981414795 0.592027008533478 0.674934029579163 0.614560008049011 0.55187600851059 0.583465993404388 0.594757974147797 0.604152977466583 0.525551021099091 0.515092015266418 0.556693017482758 0.568295001983643 0.574186980724335 0.575650990009308 0.548954010009766 0.485875010490417 0.52591598033905 0.479575008153915 0.454070001840591 0.45532301068306 0.490146994590759 0.575347006320953 0.632323026657104 0.652629971504211 0.604797005653381 0.607227981090546 0.576712012290955 0.481739014387131 0.524919986724854 0.44124498963356 0.383394986391068 0.374677002429962 0.413643002510071 0.385553985834122 0.393245995044708 0.349079996347427 0.328184008598328 0.342402011156082
0.756787002086639 0.742523014545441 0.620872020721436 0.607712984085083 0.609318971633911 0.59012097120285 0.592103004455566 0.560975015163422 0.573383986949921 0.592103004455566 0.608730971813202 0.598437011241913 0.532550990581512 0.609004020690918 0.684328973293304 0.531382977962494 0.530533015727997 0.509432017803192 0.580730974674225 0.561969995498657 0.548923015594482 0.529178023338318 0.524818003177643 0.477843999862671 0.49363300204277 0.434347987174988 0.388287007808685 0.478165000677109 0.485208004713058 0.60571300983429 0.632385015487671 0.641910016536713 0.653957009315491 0.517699003219604 0.497352987527847 0.511255979537964 0.554997026920319 0.44123700261116 0.401511013507843 0.357596009969711 0.355381011962891 0.383047997951508 0.352622002363205 0.342121988534927 0.328072994947433 0.350234985351562
0.698176980018616 0.706981003284454 0.668537020683289 0.625787973403931 0.601441979408264 0.564438998699188 0.560382008552551 0.562268018722534 0.548565983772278 0.550396978855133 0.582138001918793 0.54119199514389 0.553448021411896 0.568898022174835 0.632809996604919 0.520574986934662 0.496814012527466 0.579659998416901 0.599983990192413 0.534231007099152 0.530130982398987 0.497732013463974 0.515452980995178 0.471942007541656 0.459755003452301 0.362563014030457 0.394636988639832 0.432330995798111 0.539597988128662 0.557891011238098 0.653131008148193 0.673780977725983 0.572292983531952 0.493270009756088 0.427915006875992 0.53056401014328 0.527354001998901 0.538429021835327 0.438740998506546 0.369428992271423 0.356171011924744 0.370806992053986 0.350701987743378 0.314345002174377 0.340104997158051 0.358314990997314
0.725751996040344 0.699315011501312 0.644653022289276 0.611167013645172 0.593294978141785 0.556895017623901 0.553651988506317 0.529522001743317 0.54127699136734 0.514050006866455 0.524170994758606 0.515583992004395 0.497364014387131 0.501332998275757 0.561285972595215 0.478368014097214 0.504818975925446 0.51417601108551 0.545114994049072 0.502426981925964 0.537808001041412 0.497474014759064 0.46322500705719 0.454973012208939 0.428591996431351 0.404383987188339 0.425675988197327 0.465377002954483 0.534107029438019 0.577479004859924 0.653400003910065 0.639509975910187 0.535242021083832 0.428229987621307 0.594304025173187 0.537733018398285 0.532181024551392 0.553335011005402 0.511205017566681 0.377101004123688 0.360522985458374 0.343391001224518 0.319828003644943 0.325670003890991 0.337193012237549 0.371466010808945
0.671582996845245 0.62517899274826 0.572955012321472 0.508839011192322 0.478646010160446 0.464112013578415 0.521543025970459 0.50431901216507 0.468856006860733 0.48903700709343 0.547526001930237 0.508813977241516 0.515312016010284 0.627373993396759 0.550841987133026 0.587984025478363 0.5711749792099 0.592774987220764 0.584465026855469 0.589388012886047 0.456463992595673 0.490355014801025 0.491984009742737 0.41456401348114 0.39334699511528 0.412831008434296 0.404585003852844 0.365033000707626 0.33466100692749 0.541449010372162 0.629433989524841 0.712092995643616 0.583633005619049 0.611231982707977 0.688521981239319 0.469610989093781 0.526668012142181 0.501694023609161 0.348984003067017 0.369926989078522 0.374572992324829 0.41041100025177 0.389450013637543 0.345407009124756 0.367985993623734 0.384142994880676
0.63068699836731 0.606701016426086 0.583501994609833 0.507261991500854 0.544511020183563 0.502170979976654 0.464922994375229 0.468524992465973 0.444541990756989 0.467404991388321 0.625478982925415 0.641301989555359 0.658842980861664 0.652388989925385 0.497047990560532 0.592589020729065 0.64044600725174 0.609228014945984 0.570461988449097 0.565392971038818 0.463290989398956 0.589138984680176 0.59196799993515 0.399076014757156 0.432117998600006 0.391339987516403 0.389369994401932 0.341771990060806 0.382952004671097 0.493346005678177 0.618959009647369 0.675103008747101 0.526760995388031 0.665956974029541 0.514482975006104 0.459993988275528 0.49167600274086 0.52801901102066 0.418188989162445 0.388471007347107 0.464944988489151 0.467415004968643 0.356139987707138 0.352560013532639 0.365518987178802 0.378120988607407
0.547083020210266 0.513903975486755 0.500202000141144 0.488186985254288 0.462761014699936 0.438690990209579 0.404240995645523 0.454926997423172 0.471451014280319 0.474207997322083 0.631631016731262 0.65532398223877 0.675041019916534 0.600117027759552 0.472175985574722 0.658755004405975 0.654344975948334 0.640541017055511 0.575406014919281 0.543169975280762 0.471329003572464 0.533894002437592 0.53456699848175 0.503593027591705 0.424966007471085 0.446332991123199 0.452793002128601 0.433997988700867 0.425408005714417 0.497152000665665 0.659217000007629 0.63809198141098 0.485767006874084 0.560895025730133 0.501303017139435 0.465712010860443 0.566856980323792 0.561788976192474 0.452699989080429 0.390309989452362 0.489576995372772 0.408358007669449 0.347871005535126 0.384718000888824 0.392915010452271 0.460215985774994
0.533870995044708 0.544269979000092 0.52625697851181 0.508381009101868 0.470584988594055 0.401789009571075 0.41744801402092 0.46213299036026 0.440932005643845 0.50721400976181 0.551828026771545 0.606311023235321 0.614857971668243 0.54694402217865 0.437815994024277 0.647826015949249 0.643573999404907 0.630591988563538 0.565087974071503 0.522777020931244 -3.4e+38 0.507067024707794 0.481022000312805 0.510555982589722 0.511901021003723 0.528225004673004 0.517844021320343 0.457717001438141 0.521529018878937 0.559104979038239 0.672990024089813 0.717639982700348 0.578679978847504 0.59520298242569 0.509468019008636 0.491093009710312 0.531778991222382 0.538030982017517 0.441621989011765 0.442420989274979 0.405223995447159 0.382999986410141 0.360150992870331 0.39384600520134 0.495961010456085 0.516080975532532
0.581797003746033 0.530936002731323 0.5314080119133 0.507701992988586 0.483447998762131 0.422569006681442 0.408315002918243 0.414804011583328 0.463248014450073 0.51935601234436 0.548479020595551 0.562102973461151 0.626812994480133 0.56801301240921 0.452068001031876 0.603604018688202 0.600938975811005 -3.4e+38 0.621308028697968 -3.4e+38 -3.4e+38 -3.4e+38 0.329317003488541 0.278270989656448 0.520147025585175 0.578760981559753 0.538771986961365 0.583195984363556 0.588957011699677 0.666701018810272 0.74073600769043 0.727886021137238 0.496425002813339 0.470730990171432 0.509450972080231 0.462366014719009 0.539381980895996 0.550598978996277 0.499567002058029 0.532503008842468 0.436612010002136 0.404617011547089 0.354259997606277 0.481205999851227 0.566278994083405 0.520264029502869
0.648212015628815 0.603129982948303 0.570842981338501 0.545125007629395 0.593626022338867 0.504342019557953 0.419479012489319 0.394138008356094 0.417432010173798 0.50567501783371 0.54617702960968 0.554030001163483 0.546661972999573 -3.4e+38 0.479400992393494 0.566600024700165 0.467254996299744 -3.4e+38 0.650390982627869 -3.4e+38 -3.4e+38 -3.4e+38 -3.4e+38 0.406354993581772 0.573547005653381 0.363573998212814 0.321263998746872 0.571774005889893 0.723429977893829 0.758951008319855 0.692043006420135 0.351599991321564 0.402565985918045 0.385933995246887 0.460868000984192 0.524507999420166 0.509086012840271 0.550355017185211 0.588111996650696 0.53405100107193 0.518768012523651 0.522212982177734 0.53304398059845 0.559135019779205 0.574360013008118 0.489755988121033
0.587559998035431 0.601050019264221 0.631416976451874 0.534874975681305 0.565060973167419 0.512543976306915 -3.4e+38 -3.4e+38 0.39002200961113 0.484860986471176 0.508894979953766 0.56503701210022 -3.4e+38 -3.4e+38 0.489708989858627 0.528290987014771 0.475454986095428 -3.4e+38 0.52624899148941 -3.4e+38 -3.4e+38 -3.4e+38 -3.4e+38 -3.4e+38 -3.4e+38 0.289700001478195 0.358076989650726 0.428799003362656 0.352266013622284 0.475939005613327 0.35622501373291 0.350638002157211 0.384627997875214 0.41218900680542 0.470093995332718 0.552936017513275 0.552708029747009 0.576874017715454 0.528796017169952 0.496071994304657 0.492478996515274 0.507462024688721 0.559786975383759 0.585361003875732 0.530614018440247 0.496607005596161
0.448105990886688 0.458052009344101 0.487260013818741 0.50332897901535 0.543425023555756 -3.4e+38 -3.4e+38 -3.4e+38 0.361359000205994 0.417465001344681 0.502840995788574 0.535233020782471 -3.4e+38 -3.4e+38 0.462772995233536 0.568522989749908 0.455482989549637 -3.4e+38 -3.4e+38 -3.4e+38 -3.4e+38 -3.4e+38 -3.4e+38 -3.4e+38 -3.4e+38 -3.4e+38 -3.4e+38 0.354777991771698 0.32838699221611 0.297421991825104 0.302130997180939 0.352530986070633 -3.4e+38 0.423323005437851 0.546909987926483 0.56752598285675 0.581192016601562 0.56120902299881 0.54680597782135 0.50601202249527 0.524796009063721 0.50662100315094 0.522463023662567 0.51478898525238 0.550260007381439 0.507348001003265
0.450933009386063 0.434702008962631 0.441125988960266 -3.4e+38 -3.4e+38 -3.4e+38 -3.4e+38 -3.4e+38 -3.4e+38 0.372978001832962 0.525327026844025 0.484901010990143 -3.4e+38 -3.4e+38 0.479184985160828 0.523109972476959 0.440791994333267 -3.4e+38 -3.4e+38 -3.4e+38 0.303189992904663 -3.4e+38 -3.4e+38 -3.4e+38 0.428896993398666 0.37449699640274 0.429598987102509 0.349970012903214 -3.4e+38 0.334634006023407 -3.4e+38 -3.4e+38 0.395702987909317 0.431309998035431 0.500563025474548 0.553185999393463 0.569401025772095 0.566444993019104 0.557090997695923 0.535596013069153 0.512850999832153 0.534982025623322 0.551755011081696 0.498694002628326 0.541170001029968 0.572041988372803
0.482533991336823 0.517976999282837 0.454102009534836 -3.4e+38 -3.4e+38 -3.4e+38 -3.4e+38 -3.4e+38 -3.4e+38 -3.4e+38 -3.4e+38 -3.4e+38 -3.4e+38 -3.4e+38 0.419090986251831 0.442541003227234 -3.4e+38 -3.4e+38 -3.4e+38 0.376809000968933 -3.4e+38 -3.4e+38 0.398414999246597 -3.4e+38 -3.4e+38 -3.4e+38 0.479622006416321 0.412919998168945 0.386487990617752 0.359620004892349 0.399002999067307 0.44362398982048 0.54441499710083 0.540624976158142 0.547173023223877 0.550742983818054 0.580608010292053 0.555370986461639 0.573665022850037 0.53098601102829 0.590346992015839 0.547322988510132 0.472041010856628 0.507133007049561 0.52565997838974 0.613346993923187
-3.4e+38 -3.4e+38 0.476321011781693 0.472236007452011 -3.4e+38 -3.4e+38 -3.4e+38 -3.4e+38 -3.4e+38 -3.4e+38 -3.4e+38 -3.4e+38 0.464709013700485 0.518683016300201 -3.4e+38 -3.4e+38 -3.4e+38 -3.4e+38 0.353361994028091 0.346924006938934 0.376632988452911 0.386675000190735 0.464740991592407 0.430653005838394 -3.4e+38 -3.4e+38 -3.4e+38 0.468291997909546 0.400121986865997 0.408033013343811 0.468115985393524 0.560959994792938 0.583525002002716 0.593293011188507 0.609269976615906 0.561353981494904 0.584385991096497 0.570840001106262 0.592339992523193 0.626815974712372 0.608900010585785 0.561654984951019 0.497415006160736 0.508489012718201 0.506735026836395 0.5660480260849
0.617751002311707 0.580389976501465 -3.4e+38 -3.4e+38 -3.4e+38 -3.4e+38 -3.4e+38 -3.4e+38 0.415347009897232 -3.4e+38 -3.4e+38 0.486665993928909 0.516685009002686 0.530101001262665 0.562744975090027 -3.4e+38 -3.4e+38 0.339610993862152 0.346756011247635 0.36157700419426 0.378347992897034 0.401017010211945 0.407965987920761 0.410432994365692 0.409509003162384 0.399821013212204 0.412153005599976 -3.4e+38 -3.4e+38 0.459230005741119 0.476406008005142 0.579217970371246 0.506507992744446 0.554256021976471 0.582000970840454 0.596292972564697 0.569685995578766 0.552663028240204 0.595050990581512 0.639949977397919 0.568278014659882 0.53727799654007 0.51113897562027 0.504768013954163 0.510854005813599 0.538271009922028
-3.4e+38 0.498732000589371 -3.4e+38 -3.4e+38 -3.4e+38 -3.4e+38 -3.4e+38 0.468879014253616 0.46610701084137 -3.4e+38 -3.4e+38 0.466168999671936 -3.4e+38 -3.4e+38 0.577006995677948 -3.4e+38 0.4461689889431 0.329373002052307 0.328633993864059 0.33365398645401 0.380816996097565 0.399435013532639 0.439660996198654 0.43274599313736 0.435512989759445 0.444537997245789 0.415957987308502 0.408832997083664 -3.4e+38 -3.4e+38 0.538559019565582 0.522572994232178 0.53082799911499 0.575671017169952 0.605749011039734 0.609444975852966 0.584020018577576 0.585754990577698 0.579518020153046 0.601566016674042 0.65787798166275 0.568298995494843 0.511408984661102 0.507103979587555 0.527023017406464 0.553578972816467
-3.4e+38 -3.4e+38 -3.4e+38 -3.4e+38 -3.4e+38 -3.4e+38 0.470292001962662 0.475190013647079 0.471152007579803 0.453016012907028 -3.4e+38 0.470384985208511 0.51689600944519 0.523800015449524 0.503664016723633 0.543747007846832 -3.4e+38 -3.4e+38 0.305981010198593 0.328873008489609 0.344568997621536 0.363292008638382 0.383641988039017 0.386471003293991 0.421025007963181 0.449575006961823 0.441193997859955 0.440804004669189 0.470654010772705 -3.4e+38 0.507785975933075 0.580494999885559 0.560760974884033 0.584748029708862 0.604678988456726 0.614363014698029 0.584923028945923 0.587404012680054 0.572835028171539 0.617442011833191 0.66416597366333 0.600602984428406 0.524846017360687 0.528914988040924 0.515191972255707 0.601427018642426
0 -3.4e+38 -3.4e+38 -3.4e+38 -3.4e+38 -3.4e+38 0 0 0 0 0 0 0 0 0.538585007190704 0.490096986293793 0.313809990882874 0.317966014146805 0.299450993537903 0.317454993724823 0.345719993114471 0.33977198600769 0.370992004871368 0.391063988208771 0.39325800538063 0.399453997612 0.436172008514404 0.481793999671936 0.439056992530823 0.486355006694794 0.542855024337769 0.565452992916107 0.612869024276733 0.584683001041412 0.571603000164032 0.597575008869171 0.587491989135742 0.579457998275757 0.57033497095108 0.588864028453827 0.599215984344482 0.612837016582489 0.59806901216507 0.568767011165619 0.539426028728485 0.600466012954712
