Sp_maps/Fauna_Cerrado/Lonchophylla_dekeyseri.asc
NCOLS 186 
NROWS 224 
XLLCORNER -60.109416846 
YLLCORNER -24.68462619 
CELLSIZE 0.1 
NODATA_value -3.4e+38 
[rows 105 to 125 of 224, columns 92 to 137 of 186]
0.0600697994232178 0.0584487989544868 0.0589120984077454 0.0568081997334957 0.0598729997873306 0.0620655007660389 0.0608527995646 0.067009299993515 0.0918024033308029 0.100521996617317 0.119373001158237 0.0814708024263382 0.100431002676487 0.12763899564743 0.11607900261879 0.120540998876095 0.172115996479988 0.158756002783775 0.203613996505737 0.257375001907349 0.230121999979019 0.282694011926651 0.399657011032104 0.42773500084877 0.53575599193573 0.311774998903275 0.264840006828308 0.301398992538452 0.467379003763199 0.623934984207153 0.273936003446579 0.277258008718491 0.287138998508453 0.296779990196228 0.347476005554199 0.312454998493195 0.350389987230301 0.42986199259758 0.451662987470627 0.417486011981964 0.519979000091553 0.582593023777008 0.379287987947464 0.307195991277695 0.433733999729156 0.42221000790596
0.0626780986785889 0.0615473985671997 0.0623121000826359 0.0608706995844841 0.0607869997620583 0.064596101641655 0.0808866024017334 0.0765585973858833 0.0979493036866188 0.108023002743721 0.116446003317833 0.0966788977384567 0.104497000575066 0.0944593995809555 0.102755002677441 0.157544001936913 0.154935002326965 0.208716005086899 0.222850993275642 0.285037010908127 0.244806006550789 0.277877986431122 0.335727006196976 0.488178014755249 0.665033996105194 0.353471010923386 0.32192599773407 0.28048700094223 0.434527009725571 0.638469994068146 0.296041011810303 0.284853994846344 0.285782009363174 0.272321999073029 0.313212007284164 0.314725011587143 0.323244988918304 0.444860994815826 0.602246999740601 0.619167983531952 0.49549400806427 0.594844996929169 0.437864005565643 0.477508991956711 0.573773980140686 0.589343011379242
0.0670360997319221 0.0633046999573708 0.0630576014518738 0.0623847991228104 0.0592789985239506 0.0656808987259865 0.0865499973297119 0.0974671021103859 0.088618703186512 0.112113997340202 0.115379996597767 0.129986003041267 0.0963279008865356 0.089953601360321 0.159413993358612 0.182632997632027 0.135657995939255 0.187291994690895 0.231362000107765 0.273371994495392 0.262641996145248 0.323000997304916 0.322035014629364 0.381799012422562 0.614455997943878 0.37593400478363 0.308373004198074 0.292282998561859 0.377709001302719 0.613970994949341 0.370932996273041 0.307884991168976 0.314238995313644 0.344457000494003 0.331351011991501 0.353917986154556 0.386599987745285 0.380497992038727 0.414207994937897 0.465092986822128 0.470353007316589 0.58398699760437 0.523432016372681 0.5573850274086 0.594946980476379 0.590876996517181
0.0721772015094757 0.0687891021370888 0.0706563964486122 0.0711975023150444 0.0684385970234871 0.0869947001338005 0.0834302008152008 0.109688997268677 0.124145001173019 0.110188998281956 0.0991107001900673 0.0978502035140991 0.149400994181633 0.146920993924141 0.124007001519203 0.228743001818657 0.210053995251656 0.212858006358147 0.236827999353409 0.233848005533218 0.250800997018814 0.312911003828049 0.436251997947693 0.490642011165619 0.583718001842499 0.391029000282288 0.346635013818741 0.324680000543594 0.428095012903214 0.68784099817276 0.695011019706726 0.400936990976334 0.365501999855042 0.320966988801956 0.329854995012283 0.452170014381409 0.55662602186203 0.398447006940842 0.468854010105133 0.444514006376266 0.548132002353668 0.490655988454819 0.421086996793747 0.502843976020813 0.536364018917084 0.755722999572754
0.0759868994355202 0.073759101331234 0.0742354020476341 0.0736420005559921 0.0744222030043602 0.0988150015473366 0.105602003633976 0.113986000418663 0.0971219018101692 0.105742998421192 0.100103996694088 0.101458996534348 0.175328999757767 0.130991995334625 0.205494999885559 0.318805992603302 0.253787010908127 0.255872994661331 0.268936008214951 0.238242000341415 0.256229013204575 0.313690990209579 0.381743013858795 0.602406024932861 0.51283198595047 0.400321006774902 0.354721009731293 0.328978985548019 0.405561000108719 0.639387011528015 0.793705999851227 0.597351014614105 0.433373987674713 0.594829976558685 0.526498019695282 0.438735008239746 0.686181008815765 0.678873002529144 0.629921019077301 0.40547901391983 0.58697497844696 0.429120987653732 0.444624990224838 0.461748003959656 0.582556009292603 0.764566004276276
0.0793714001774788 0.0770566985011101 0.0776344016194344 0.0807085037231445 0.0934835970401764 0.108860000967979 0.151532992720604 0.099386602640152 0.0953518971800804 0.121399000287056 0.119277000427246 0.151767998933792 0.157599002122879 0.203961998224258 0.293265998363495 0.265967011451721 0.316879004240036 0.268103003501892 0.27972599864006 0.240467995405197 0.271728992462158 0.30561700463295 0.412524998188019 0.609310984611511 0.526166021823883 0.381087005138397 0.515920996665955 0.346011012792587 0.393965989351273 0.672303020954132 0.798829019069672 0.805620014667511 0.783873975276947 0.757706999778748 0.674432992935181 0.464159995317459 0.61558598279953 0.38917800784111 0.393231004476547 0.462329000234604 0.515568971633911 0.382921993732452 0.408273011445999 0.446666985750198 0.520512998104095 0.642264008522034
0.0831227004528046 0.0847261995077133 0.0821873992681503 0.0849746018648148 0.0889035984873772 0.112384997308254 0.111146003007889 0.0987617969512939 0.0998857021331787 0.0910874009132385 0.147662997245789 0.170267000794411 0.2221460044384 0.259550005197525 0.347299993038177 0.313735991716385 0.407056987285614 0.288960009813309 0.26986899971962 0.24439899623394 0.257405996322632 0.313609004020691 0.385670989751816 0.606696009635925 0.667445003986359 0.393097013235092 0.565878987312317 0.323442995548248 0.462976008653641 0.594425022602081 0.723486006259918 0.768464982509613 0.855049014091492 0.853438019752502 0.823992013931274 0.425740003585815 0.510541021823883 0.359959006309509 0.372269988059998 0.700695991516113 0.527719020843506 0.350598007440567 0.363979011774063 0.375815004110336 0.431095987558365 0.62957501411438
0.08731559664011 0.0879613980650902 0.0920085981488228 0.0882174000144005 0.0898505002260208 0.100998997688293 0.119879998266697 0.123441003262997 0.0954592004418373 0.15488900244236 0.166504994034767 0.179128006100655 0.251172006130219 0.344671010971069 0.296934992074966 0.320208996534348 0.306172996759415 0.272560000419617 0.251976996660233 0.259638994932175 0.269726008176804 0.329842001199722 0.507929980754852 0.517000019550323 0.559809982776642 0.400366991758347 0.47817999124527 0.332978993654251 0.397781014442444 0.439256012439728 0.730958998203278 0.771582007408142 0.841569006443024 0.837840974330902 0.841003000736237 0.453179001808167 0.629621982574463 0.555221021175385 0.513125002384186 0.505648016929626 0.391360998153687 0.363590985536575 0.378654986619949 0.397540003061295 0.476218998432159 0.644964993000031
0.0977239012718201 0.110426001250744 0.120057001709938 0.130373999476433 0.107450000941753 0.118955001235008 0.104359999299049 0.146559000015259 0.171159997582436 0.186781004071236 0.209429994225502 0.226347997784615 0.262526988983154 0.251042008399963 0.249229997396469 0.310297012329102 0.289638996124268 0.264073997735977 0.274251997470856 0.304295986890793 0.354328989982605 0.46280300617218 0.39163601398468 0.416884005069733 0.423135012388229 0.636364996433258 0.658424973487854 0.48233100771904 0.398797005414963 0.465586990118027 0.695209980010986 0.747159004211426 0.650597989559174 0.765841007232666 0.832136988639832 0.772930979728699 0.668704986572266 0.705456972122192 0.684875011444092 0.533131003379822 0.385237008333206 0.388004004955292 0.465081006288528 0.480789989233017 0.525341987609863 0.679322004318237
0.103450998663902 0.108327001333237 0.11922399699688 0.143838003277779 0.117207996547222 0.165481999516487 0.125621005892754 0.201921001076698 0.237783998250961 0.15515099465847 0.228461995720863 0.220152005553246 0.23861500620842 0.222855001688004 0.256168991327286 0.295192986726761 0.271382004022598 0.271506011486053 0.289014995098114 0.295987993478775 0.534862995147705 0.513678014278412 0.472541987895966 0.383359998464584 0.359694004058838 0.506347000598907 0.49557900428772 0.528171002864838 0.562772989273071 0.496867001056671 0.510394990444183 0.593129992485046 0.576290011405945 0.613376975059509 0.776513993740082 0.785529971122742 0.761775970458984 0.746873021125793 0.752834975719452 0.814092993736267 0.412279009819031 0.423593997955322 0.429264008998871 0.441439002752304 0.502963006496429 0.676038026809692
0.110636003315449 0.123511001467705 0.146724000573158 0.132659003138542 0.119327999651432 0.127470001578331 0.170919999480247 0.183871999382973 0.192015007138252 0.201914995908737 0.233629003167152 0.242239996790886 0.273544013500214 0.258863002061844 0.270000994205475 0.365092992782593 0.333766013383865 0.27947399020195 0.32557401061058 0.351785987615585 0.546283006668091 0.595368981361389 0.446004003286362 0.3663429915905 0.5207200050354 0.385650992393494 0.429114997386932 0.645708978176117 0.578330993652344 0.455273985862732 0.466471999883652 0.518289029598236 0.574617981910706 0.603295028209686 0.81520402431488 0.847703993320465 0.815464973449707 0.824939012527466 0.841906011104584 0.84229701757431 0.409543991088867 0.420767992734909 0.441742986440659 0.478823006153107 0.539631009101868 0.697302997112274
0.11735700070858 0.130980998277664 0.151760995388031 0.13918599486351 0.169853001832962 0.20304299890995 0.193196997046471 0.187980994582176 0.221438005566597 0.231987997889519 0.217517003417015 0.270341008901596 0.265062004327774 0.306192010641098 0.294584989547729 0.359840989112854 0.385774999856949 0.341991007328033 0.400804996490479 0.464343994855881 0.571873009204865 0.407481998205185 0.385946005582809 0.369617998600006 0.327082991600037 0.363638997077942 0.525138020515442 0.667958974838257 0.538843989372253 0.468448013067245 0.549651026725769 0.562361001968384 0.685477018356323 0.852804005146027 0.882315993309021 0.871223986148834 0.856205999851227 0.851634979248047 0.869781970977783 0.648190975189209 0.419822990894318 0.457266002893448 0.445170998573303 0.460200995206833 0.508804976940155 0.727814972400665
0.128469005227089 0.170922994613647 0.149571001529694 0.156341999769211 0.154024004936218 0.231009006500244 0.236067995429039 0.2291119992733 0.236677005887032 0.267370998859406 0.229340001940727 0.221702992916107 0.245850995182991 0.280636012554169 0.300139993429184 0.280259996652603 0.347449004650116 0.433723002672195 0.470981001853943 0.497285008430481 0.431097000837326 0.373463988304138 0.432475000619888 0.347021996974945 0.331023007631302 0.518918991088867 0.434938997030258 0.519056022167206 0.525367021560669 0.529272973537445 0.569382011890411 0.720293998718262 0.870980024337769 0.887432992458344 0.887793004512787 0.742658019065857 0.831368982791901 0.76867401599884 0.652206003665924 0.472261011600494 0.41397699713707 0.481359004974365 0.513539016246796 0.533003985881805 0.601549983024597 0.727257013320923
0.127878993749619 0.12924000620842 0.174906998872757 0.131303995847702 0.226234003901482 0.220285996794701 0.267756998538971 0.264124006032944 0.277763992547989 0.328271001577377 0.255198001861572 0.27386799454689 0.267188996076584 0.248413994908333 0.283991008996964 0.308198988437653 0.335101991891861 0.48114600777626 0.47783699631691 0.448962986469269 0.393377989530563 0.403243005275726 0.379622995853424 0.389167010784149 0.530196011066437 0.441251993179321 0.442907989025116 0.563857972621918 0.558740973472595 0.665793001651764 0.817873001098633 0.867938995361328 0.865670025348663 0.879032015800476 0.887791991233826 0.879194974899292 0.630667984485626 0.543673992156982 0.522143006324768 0.468625009059906 0.490426987409592 0.515797972679138 0.530534982681274 0.573682010173798 0.621874988079071 0.739715993404388
0.13289800286293 0.135073006153107 0.191090002655983 0.214047998189926 0.232385993003845 0.216817006468773 0.268204987049103 0.336475014686584 0.344184994697571 0.332596004009247 0.252247989177704 0.277538001537323 0.28226301074028 0.297722011804581 0.328292012214661 0.320858985185623 0.331001996994019 0.483741998672485 0.472454994916916 0.391705006361008 0.462512999773026 0.491955995559692 0.47121199965477 0.541262984275818 0.678919017314911 0.490363001823425 0.459744989871979 0.543341994285583 0.567104995250702 0.678207993507385 0.720600008964539 0.818150997161865 0.828176021575928 0.84393298625946 0.879423975944519 0.843373000621796 0.614318013191223 0.580164015293121 0.538917005062103 0.473910987377167 0.493573009967804 0.502323985099792 0.520702004432678 0.558686017990112 0.752853989601135 0.735231995582581
0.134363994002342 0.160346999764442 0.192102000117302 0.227273002266884 0.233677998185158 0.237793996930122 0.252891004085541 0.320107012987137 0.39936900138855 0.364993989467621 0.323419988155365 0.299879014492035 0.273916989564896 0.319763988256454 0.369120985269547 0.422371000051498 0.520381987094879 0.514236986637115 0.428059995174408 0.439637988805771 0.461014002561569 0.518630981445312 0.621463000774384 0.616343975067139 0.682440996170044 0.510078012943268 0.515425026416779 0.499974012374878 0.62508898973465 0.753062009811401 0.754108011722565 0.786643981933594 0.849065005779266 0.876205027103424 0.871995985507965 0.80849301815033 0.611396014690399 0.587085008621216 0.525216996669769 0.48411700129509 0.488074004650116 0.456541001796722 0.471848011016846 0.543793022632599 0.661230981349945 0.685723006725311
0.172408998012543 0.17849500477314 0.185853004455566 0.214147001504898 0.234603002667427 0.246745005249977 0.27836799621582 0.307283014059067 0.378271996974945 0.365985006093979 0.34102800488472 0.296887010335922 0.301779985427856 0.324425011873245 0.379554003477097 0.572911977767944 0.551617980003357 0.495508998632431 0.459973007440567 0.453501999378204 0.540848970413208 0.570827007293701 0.70243501663208 0.606195986270905 0.694184005260468 0.578441023826599 0.577988028526306 0.543354988098145 0.570879995822906 0.709463000297546 0.856446027755737 0.824952006340027 0.830061018466949 0.859535992145538 0.857643008232117 0.80401998758316 0.613776028156281 0.542623996734619 0.506103992462158 0.507327973842621 0.475593000650406 0.423103004693985 0.534878015518188 0.462942004203796 0.60878998041153 0.693441987037659
0.145333006978035 0.19472299516201 0.23981000483036 0.223551005125046 0.217464998364449 0.249304994940758 0.269811004400253 0.327089995145798 0.413253992795944 0.389524012804031 0.341183006763458 0.334232002496719 0.338084995746613 0.322573006153107 0.416038006544113 0.595508992671967 0.521256029605865 0.499962002038956 0.472656011581421 0.476622998714447 0.65786200761795 0.655332982540131 0.677258014678955 0.634931981563568 0.678936004638672 0.664794981479645 0.665898978710175 0.62124502658844 0.658675014972687 0.712244987487793 0.839721977710724 0.860532999038696 0.862446010112762 0.856171011924744 0.861105978488922 0.717247009277344 0.603182971477509 0.52776700258255 0.52497798204422 0.514325976371765 0.482255011796951 0.49422898888588 0.401481002569199 0.529928028583527 0.712938010692596 0.658788025379181
0.187442004680634 0.229128003120422 0.221175998449326 0.263410001993179 0.236460000276566 0.27649399638176 0.29644700884819 0.3384869992733 0.447905987501144 0.450801998376846 0.366277992725372 0.367843985557556 0.470201998949051 0.393884986639023 0.508225977420807 0.601381003856659 0.553960025310516 0.507420003414154 0.506848990917206 0.529717028141022 0.543563008308411 0.636170983314514 0.576483011245728 0.673334002494812 0.761039018630981 0.821292996406555 0.741648018360138 0.710637986660004 0.848703026771545 0.881928026676178 0.894838988780975 0.898766994476318 0.899785995483398 0.901712000370026 0.885535001754761 0.634104013442993 0.601369976997375 0.545098006725311 0.454465001821518 0.516610980033875 0.542801022529602 0.464098006486893 0.544005990028381 0.744593024253845 0.857207000255585 0.617061972618103
0.236117005348206 0.233324006199837 0.250014007091522 0.273734003305435 0.290214985609055 0.269694000482559 0.348682999610901 0.359095990657806 0.449245989322662 0.369592994451523 0.415957987308502 0.436291992664337 0.51426100730896 0.556384027004242 0.556806981563568 0.49728798866272 0.501380980014801 0.498589992523193 0.534359991550446 0.56258100271225 0.679849028587341 0.630070984363556 0.594523012638092 0.669369995594025 0.71991902589798 0.822791993618011 0.864440977573395 0.864224016666412 0.883413970470428 0.889432013034821 0.893226027488708 0.896722018718719 0.905538022518158 0.892127990722656 0.896772027015686 0.634018003940582 0.611486971378326 0.575987994670868 0.475264012813568 0.584921002388 0.482309013605118 0.563692986965179 0.425397992134094 0.853127002716064 0.859933972358704 0.733247995376587
0.23327100276947 0.246935993432999 0.295336008071899 0.283564001321793 0.290013998746872 0.263776987791061 0.295049995183945 0.391799986362457 0.431962996721268 0.451193988323212 0.488106995820999 0.526396989822388 0.606362998485565 0.516077995300293 0.512998998165131 0.518369972705841 0.487500995397568 0.556762993335724 0.576897025108337 0.589913010597229 0.738448977470398 0.595386981964111 0.677994012832642 0.72510302066803 0.822961986064911 0.875615000724792 0.885641992092133 0.880165994167328 0.902396023273468 0.896861016750336 0.900273025035858 0.898160994052887 0.901884973049164 0.895443975925446 0.8855100274086 0.710798978805542 0.606958985328674 0.590898990631104 0.590754985809326 0.654826998710632 0.659044027328491 0.591486990451813 0.527163028717041 0.759738981723785 0.843541026115417 0.686169981956482
