Sp_maps/Fauna_Cerrado/Lonchophylla_dekeyseri.asc
NCOLS 186 
NROWS 224 
XLLCORNER -60.109416846 
YLLCORNER -24.68462619 
CELLSIZE 0.1 
NODATA_value -3.4e+38 
[rows 84 to 104 of 224, columns 138 to 183 of 186]
0.452066987752914 0.360608994960785 0.353998005390167 0.36685898900032 0.35843500494957 0.384977012872696 0.365527987480164 0.261492013931274 0.275660991668701 0.263161987066269 0.227357000112534 0.148532003164291 0.134134992957115 0.128628998994827 0.140617996454239 0.187834993004799 0.181807994842529 0.16889899969101 0.15650999546051 0.152026996016502 0.157805994153023 0.142994001507759 0.132786005735397 0.158616006374359 0.201098993420601 0.194684997200966 0.149362996220589 0.140610992908478 0.124865002930164 -3.4e+38 -3.4e+38 -3.4e+38 -3.4e+38 -3.4e+38 0.0913311988115311 0.0875175967812538 -3.4e+38 -3.4e+38 -3.4e+38 -3.4e+38 -3.4e+38 -3.4e+38 -3.4e+38 -3.4e+38 -3.4e+38 -3.4e+38
0.553948998451233 0.460229992866516 0.427145004272461 0.416159987449646 0.321767002344131 0.330704987049103 0.315097004175186 0.253071010112762 0.279049009084702 0.235242992639542 0.18435999751091 0.143288001418114 0.132621005177498 0.131612002849579 0.171011000871658 0.156343996524811 0.133291006088257 0.120067998766899 0.13145500421524 0.123257003724575 0.128916993737221 0.131806999444962 0.149313002824783 0.157497003674507 0.221708998084068 0.223339006304741 0.167581006884575 0.137456998229027 0.126026004552841 -3.4e+38 -3.4e+38 -3.4e+38 -3.4e+38 0.110149003565311 0.0904332995414734 -3.4e+38 -3.4e+38 -3.4e+38 -3.4e+38 -3.4e+38 -3.4e+38 -3.4e+38 -3.4e+38 -3.4e+38 -3.4e+38 -3.4e+38
0.566183984279633 0.462155014276505 0.449209988117218 0.420994013547897 0.39019700884819 0.305891990661621 0.250874996185303 0.200590997934341 0.19234099984169 0.204891994595528 0.177235007286072 0.133678004145622 0.119848996400833 0.118943996727467 0.100427001714706 0.0859865993261337 0.102087996900082 0.0757319033145905 0.105971999466419 0.106470003724098 0.113392002880573 0.132075995206833 0.136793002486229 0.194370001554489 0.188419997692108 0.20770600438118 0.158838003873825 0.142638996243477 0.13408799469471 -3.4e+38 -3.4e+38 -3.4e+38 0.109402999281883 0.10665799677372 -3.4e+38 -3.4e+38 -3.4e+38 -3.4e+38 -3.4e+38 -3.4e+38 -3.4e+38 -3.4e+38 -3.4e+38 -3.4e+38 -3.4e+38 -3.4e+38
0.643563985824585 0.519297003746033 0.444889008998871 0.386308014392853 0.385692000389099 0.342463999986649 0.269098997116089 0.212152004241943 0.164239004254341 0.140642002224922 0.123222000896931 0.119318000972271 0.116907998919487 0.106688998639584 0.0908488035202026 0.0861316025257111 0.0841970965266228 0.0803985968232155 0.0794157013297081 0.0984383970499039 0.106665998697281 0.119929999113083 0.119589999318123 0.146878004074097 0.168256998062134 0.183441996574402 0.141681998968124 0.133759006857872 0.133045002818108 -3.4e+38 -3.4e+38 0.113081999123096 0.11149600148201 -3.4e+38 -3.4e+38 -3.4e+38 -3.4e+38 -3.4e+38 -3.4e+38 -3.4e+38 -3.4e+38 -3.4e+38 -3.4e+38 -3.4e+38 -3.4e+38 -3.4e+38
0.552419006824493 0.516901016235352 0.508634984493256 0.466268002986908 0.41363799571991 0.365761995315552 0.284065991640091 0.264454007148743 0.24235799908638 0.187509000301361 0.173797994852066 0.1370580047369 0.112474001944065 0.13204599916935 0.121198996901512 0.110876001417637 0.110288001596928 0.106867000460625 0.106723003089428 0.0946853011846542 0.0997356995940208 0.100282996892929 0.100520998239517 0.107142001390457 0.127077996730804 0.130088999867439 0.136740997433662 0.136730998754501 0.124678000807762 -3.4e+38 -3.4e+38 0.128306999802589 -3.4e+38 -3.4e+38 -3.4e+38 -3.4e+38 -3.4e+38 -3.4e+38 -3.4e+38 -3.4e+38 -3.4e+38 -3.4e+38 -3.4e+38 -3.4e+38 -3.4e+38 -3.4e+38
0.571941018104553 0.596925020217896 0.61368602514267 0.555944979190826 0.385998010635376 0.351000010967255 0.357692003250122 0.33747598528862 0.254040002822876 0.214616000652313 0.214432001113892 0.160392001271248 0.121068000793457 0.131606996059418 0.124300003051758 0.109278000891209 0.104652002453804 0.105364002287388 0.0994919985532761 0.0947398990392685 0.0961761027574539 0.0992757007479668 0.100861996412277 0.104901999235153 0.143586993217468 0.128570005297661 0.163763001561165 0.174233004450798 0.128893002867699 -3.4e+38 0.130103006958961 0.124677002429962 -3.4e+38 -3.4e+38 -3.4e+38 -3.4e+38 -3.4e+38 -3.4e+38 -3.4e+38 -3.4e+38 -3.4e+38 -3.4e+38 -3.4e+38 -3.4e+38 -3.4e+38 -3.4e+38
0.659178972244263 0.66984897851944 0.620438992977142 0.589152991771698 0.428795993328094 0.403907001018524 0.38476100564003 0.325376987457275 0.311141014099121 0.256406009197235 0.249640002846718 0.200516998767853 0.219809994101524 0.209050998091698 0.113542996346951 0.105154000222683 0.102994002401829 0.0965386033058167 0.0952702984213829 0.094660297036171 0.0956991016864777 0.0978173986077309 0.100565999746323 0.105577997863293 0.113802000880241 0.130447000265121 0.168208003044128 0.173646003007889 0.152209997177124 0.134917005896568 0.123584002256393 -3.4e+38 -3.4e+38 -3.4e+38 -3.4e+38 -3.4e+38 -3.4e+38 -3.4e+38 -3.4e+38 -3.4e+38 -3.4e+38 -3.4e+38 -3.4e+38 -3.4e+38 -3.4e+38 -3.4e+38
0.691425025463104 0.674556016921997 0.655745983123779 0.648060977458954 0.439404010772705 0.415042996406555 0.389582008123398 0.369120985269547 0.345598995685577 0.271654009819031 0.279170006513596 0.221990004181862 0.228860005736351 0.174474999308586 0.108861997723579 0.107268996536732 0.101691998541355 0.0991538017988205 0.094397097826004 0.0966923013329506 0.0939640030264854 0.100827001035213 0.102196000516415 0.102684997022152 0.123236000537872 0.122125998139381 0.15379099547863 0.16983500123024 0.148334994912148 0.126325994729996 0.12304800003767 -3.4e+38 -3.4e+38 -3.4e+38 -3.4e+38 -3.4e+38 -3.4e+38 -3.4e+38 -3.4e+38 -3.4e+38 -3.4e+38 -3.4e+38 -3.4e+38 -3.4e+38 -3.4e+38 -3.4e+38
0.699679970741272 0.68046897649765 0.676666021347046 0.663357973098755 0.545056998729706 0.425650000572205 0.403501987457275 0.389829009771347 0.368672013282776 0.321440994739532 0.287854999303818 0.219016000628471 0.159713998436928 0.133725002408028 0.11862900108099 0.112485997378826 0.107185997068882 0.102712996304035 0.102463997900486 0.0974773988127708 0.102508001029491 0.104267001152039 0.0991849005222321 0.107614003121853 0.114696003496647 0.147568002343178 0.155559003353119 0.132284998893738 0.135736003518105 0.109080001711845 -3.4e+38 -3.4e+38 -3.4e+38 -3.4e+38 -3.4e+38 -3.4e+38 -3.4e+38 -3.4e+38 -3.4e+38 -3.4e+38 -3.4e+38 -3.4e+38 -3.4e+38 -3.4e+38 -3.4e+38 -3.4e+38
0.678923010826111 0.66056501865387 0.66644698381424 0.661432981491089 0.636790990829468 0.610019028186798 0.412806004285812 0.398272007703781 0.376477986574173 0.240934997797012 0.22409699857235 0.288715004920959 0.330828011035919 0.270249992609024 0.149961993098259 0.132587999105453 0.123576998710632 0.114992998540401 0.110666997730732 0.10895299911499 0.107312999665737 0.105143003165722 0.112120002508163 0.111504003405571 0.117453001439571 0.145359992980957 0.153576001524925 0.144151002168655 0.111905999481678 0.107519000768661 -3.4e+38 -3.4e+38 -3.4e+38 -3.4e+38 -3.4e+38 -3.4e+38 -3.4e+38 -3.4e+38 -3.4e+38 -3.4e+38 -3.4e+38 -3.4e+38 -3.4e+38 -3.4e+38 -3.4e+38 -3.4e+38
0.658187985420227 0.656907021999359 0.645730972290039 0.646515011787415 0.644598007202148 0.631244003772736 0.561073005199432 0.465072989463806 0.393876999616623 0.309985995292664 0.220140993595123 0.257568001747131 0.328550010919571 0.300137013196945 0.172753006219864 0.150667995214462 0.13612799346447 0.128019005060196 0.121129997074604 0.118556000292301 0.119549997150898 0.118524000048637 0.119924001395702 0.120957002043724 0.120647996664047 0.12754400074482 0.188758999109268 0.133246004581451 0.117129996418953 0.107139997184277 -3.4e+38 -3.4e+38 -3.4e+38 -3.4e+38 -3.4e+38 -3.4e+38 -3.4e+38 -3.4e+38 -3.4e+38 -3.4e+38 -3.4e+38 -3.4e+38 -3.4e+38 -3.4e+38 -3.4e+38 -3.4e+38
0.641363978385925 0.630451023578644 0.633454978466034 0.627237021923065 0.632583022117615 0.624207973480225 0.604815006256104 0.518444001674652 0.464576989412308 0.285733014345169 0.304080992937088 0.270610004663467 0.200497999787331 0.282739013433456 0.168917998671532 0.159492999315262 0.154440000653267 0.147731006145477 0.140384003520012 0.133790999650955 0.135947003960609 0.136757999658585 0.136171996593475 0.134522005915642 0.129877999424934 0.14368699491024 0.162575006484985 0.185516998171806 0.174957007169724 0.1120909973979 -3.4e+38 -3.4e+38 -3.4e+38 -3.4e+38 -3.4e+38 -3.4e+38 -3.4e+38 -3.4e+38 -3.4e+38 -3.4e+38 -3.4e+38 -3.4e+38 -3.4e+38 -3.4e+38 -3.4e+38 -3.4e+38
0.598448991775513 0.641188025474548 0.634442985057831 0.637331008911133 0.623313009738922 0.619165003299713 0.60488498210907 0.612100005149841 0.513009011745453 0.396052002906799 0.397630006074905 0.387244999408722 0.30842599272728 0.22537000477314 0.176561996340752 0.174507007002831 0.172821998596191 0.168325006961823 0.1630470007658 0.159463003277779 0.158585995435715 0.158352002501488 0.162455007433891 0.156038999557495 0.148891001939774 0.152627006173134 0.195206001400948 0.150239005684853 0.268602013587952 0.11566100269556 -3.4e+38 -3.4e+38 -3.4e+38 -3.4e+38 -3.4e+38 -3.4e+38 -3.4e+38 -3.4e+38 -3.4e+38 -3.4e+38 -3.4e+38 -3.4e+38 -3.4e+38 -3.4e+38 -3.4e+38 -3.4e+38
0.595552027225494 0.615001022815704 0.630382001399994 0.625011026859283 0.620396971702576 0.618681013584137 0.607946991920471 0.611364006996155 0.600642025470734 0.460597008466721 0.409916996955872 0.401019990444183 0.371553987264633 0.278290003538132 0.236010000109673 0.217271000146866 0.248861998319626 0.257712006568909 0.222599998116493 0.217457994818687 0.19055500626564 0.267192989587784 0.31368100643158 0.22461299598217 0.175705999135971 0.156053006649017 0.135600998997688 0.132265999913216 0.146054998040199 0.121275998651981 0.151291996240616 -3.4e+38 -3.4e+38 -3.4e+38 -3.4e+38 -3.4e+38 -3.4e+38 -3.4e+38 -3.4e+38 -3.4e+38 -3.4e+38 -3.4e+38 -3.4e+38 -3.4e+38 -3.4e+38 -3.4e+38
0.575510025024414 0.574100017547607 0.576066970825195 0.588487982749939 0.606346011161804 0.599817991256714 0.61174601316452 0.606033980846405 0.58957302570343 0.550993025302887 0.460651010274887 0.429663002490997 0.365007996559143 0.336611986160278 0.343358010053635 0.36286199092865 0.361643999814987 0.359131008386612 0.35139200091362 0.342712998390198 0.36557200551033 0.370977014303207 0.369192004203796 0.382829993963242 0.266452997922897 0.181097000837326 0.149807006120682 0.143883004784584 0.152970999479294 0.166545003652573 0.13256199657917 -3.4e+38 -3.4e+38 -3.4e+38 -3.4e+38 -3.4e+38 -3.4e+38 -3.4e+38 -3.4e+38 -3.4e+38 -3.4e+38 -3.4e+38 -3.4e+38 -3.4e+38 -3.4e+38 -3.4e+38
0.579096972942352 0.58364200592041 0.566290974617004 0.556900024414062 0.542213022708893 0.544197976589203 0.559225976467133 0.572314977645874 0.584550976753235 0.528635025024414 0.526149988174438 0.440461009740829 0.388850003480911 0.31920400261879 0.356436014175415 0.35529100894928 0.337114989757538 0.330200999975204 0.325369000434875 0.347034007310867 0.372947990894318 0.383641988039017 0.394511997699738 0.412844985723495 0.320071011781693 0.316195011138916 0.154438003897667 0.146052002906799 0.155278995633125 0.139017000794411 0.126939997076988 -3.4e+38 -3.4e+38 -3.4e+38 -3.4e+38 -3.4e+38 -3.4e+38 -3.4e+38 -3.4e+38 -3.4e+38 -3.4e+38 -3.4e+38 -3.4e+38 -3.4e+38 -3.4e+38 -3.4e+38
0.597845017910004 0.60232001543045 0.59449702501297 0.57056599855423 0.523562014102936 0.553466975688934 0.575873017311096 0.566380977630615 0.570173978805542 0.588720977306366 0.573337972164154 0.431362986564636 0.347348988056183 0.316612005233765 0.352602988481522 0.34867200255394 0.361099004745483 0.350816011428833 0.353128999471664 0.347472995519638 0.348156005144119 0.379485011100769 0.38442400097847 0.395987987518311 0.261164993047714 0.177214995026588 0.148178994655609 0.139494001865387 0.154170006513596 0.161645993590355 0.116308003664017 -3.4e+38 -3.4e+38 -3.4e+38 -3.4e+38 -3.4e+38 -3.4e+38 -3.4e+38 -3.4e+38 -3.4e+38 -3.4e+38 -3.4e+38 -3.4e+38 -3.4e+38 -3.4e+38 -3.4e+38
0.642651975154877 0.608097970485687 0.535929977893829 0.560553014278412 0.568502008914948 0.564472019672394 0.566868007183075 0.565578997135162 0.568336009979248 0.582020998001099 0.514141023159027 0.410551995038986 0.338665992021561 0.373504012823105 0.388372987508774 0.361719012260437 0.353518009185791 0.363350987434387 0.378313004970551 0.377411007881165 0.381639003753662 0.391896992921829 0.406361013650894 0.372413992881775 0.18155699968338 0.158020004630089 0.151530995965004 0.136952996253967 0.141139000654221 0.19760400056839 0.112139999866486 0.18011599779129 -3.4e+38 -3.4e+38 -3.4e+38 -3.4e+38 -3.4e+38 -3.4e+38 -3.4e+38 -3.4e+38 -3.4e+38 -3.4e+38 -3.4e+38 -3.4e+38 -3.4e+38 -3.4e+38
0.606759011745453 0.626142024993896 0.610612988471985 0.600302994251251 0.57387900352478 0.573727011680603 0.573648989200592 0.576107978820801 0.578399002552032 0.559004008769989 0.544125974178314 0.45626500248909 0.405983000993729 0.433456003665924 0.404303014278412 0.392590999603271 0.385639995336533 0.392349988222122 0.398146986961365 0.412203013896942 0.422327011823654 0.415868014097214 0.416386008262634 0.254830986261368 0.165764003992081 0.150675997138023 0.14190299808979 0.136456996202469 0.13391700387001 0.165488004684448 0.125824004411697 0.117743998765945 -3.4e+38 -3.4e+38 -3.4e+38 -3.4e+38 -3.4e+38 -3.4e+38 -3.4e+38 -3.4e+38 -3.4e+38 -3.4e+38 -3.4e+38 -3.4e+38 -3.4e+38 -3.4e+38
0.707560002803802 0.660447001457214 0.63961797952652 0.627676010131836 0.576629996299744 0.616250991821289 0.619726002216339 0.622659981250763 0.633392989635468 0.637259006500244 0.541162014007568 0.468360006809235 0.440362006425858 0.436257004737854 0.452921986579895 0.440988004207611 0.439105004072189 0.434652000665665 0.428914994001389 0.430011987686157 0.430530995130539 0.384485006332397 0.315849006175995 0.224534004926682 0.186005994677544 0.170124992728233 0.161340996623039 0.151792004704475 0.144651994109154 0.132291004061699 0.116411000490189 0.12244900316 -3.4e+38 -3.4e+38 -3.4e+38 -3.4e+38 -3.4e+38 -3.4e+38 -3.4e+38 -3.4e+38 -3.4e+38 -3.4e+38 -3.4e+38 -3.4e+38 -3.4e+38 -3.4e+38
0.728999972343445 0.681123018264771 0.677308022975922 0.65236097574234 0.638451993465424 0.634048998355865 0.646682977676392 0.632788002490997 0.630891025066376 0.584562003612518 0.579219996929169 0.48769998550415 0.47163999080658 0.480358004570007 0.480109006166458 0.47409600019455 0.462953001260757 0.450383991003036 0.450316995382309 0.444849997758865 0.449131011962891 0.409705013036728 0.344989985227585 0.253183990716934 0.18928299844265 0.179865002632141 0.16864800453186 0.162012994289398 0.15506500005722 0.135901004076004 0.132373005151749 -3.4e+38 -3.4e+38 -3.4e+38 -3.4e+38 -3.4e+38 -3.4e+38 -3.4e+38 -3.4e+38 -3.4e+38 -3.4e+38 -3.4e+38 -3.4e+38 -3.4e+38 -3.4e+38 -3.4e+38
