Sp_maps/Fauna_Cerrado/Lonchophylla_dekeyseri.asc
NCOLS 186 
NROWS 224 
XLLCORNER -60.109416846 
YLLCORNER -24.68462619 
CELLSIZE 0.1 
NODATA_value -3.4e+38 
[rows 147 to 167 of 224, columns 138 to 183 of 186]
0.334646999835968 0.330511003732681 0.344235986471176 0.337305992841721 0.356889009475708 0.374799013137817 0.365274012088776 0.309978991746902 0.310930013656616 0.298242002725601 0.324339985847473 0.370440989732742 0.371672987937927 0.362363994121552 0.217319995164871 0.25449600815773 0.350989013910294 0.368212997913361 0.411909997463226 0.557031989097595 0.540763974189758 0.605327010154724 0.625428020954132 0.630608022212982 0.621783971786499 0.616128981113434 0.64740401506424 0.68369597196579 0.700012028217316 0.701099991798401 0.669193983078003 0.678165972232819 0.637763023376465 0.595843017101288 0.574813008308411 0.588931024074554 0.501740992069244 0.466425001621246 0.479321002960205 0.347878992557526 0.316215008497238 -3.4e+38 -3.4e+38 -3.4e+38 -3.4e+38 -3.4e+38
0.346940994262695 0.360837996006012 0.485603988170624 0.453020006418228 0.344141006469727 0.348302006721497 0.368254989385605 0.401421993970871 0.361833989620209 0.369639992713928 0.389320999383926 0.394742012023926 0.387998014688492 0.358954012393951 0.231813997030258 0.362717986106873 0.285773009061813 0.283917993307114 0.282222002744675 0.426519006490707 0.489659011363983 0.563546001911163 0.508457005023956 0.558872997760773 0.592810988426208 0.647659003734589 0.647886991500854 0.676662981510162 0.675998985767365 0.705832004547119 0.720088005065918 0.682379007339478 0.670590996742249 0.605292975902557 0.676208972930908 0.558472990989685 0.572742998600006 0.515224993228912 0.514582991600037 0.524824976921082 -3.4e+38 -3.4e+38 -3.4e+38 -3.4e+38 -3.4e+38 -3.4e+38
0.348609000444412 0.362026005983353 0.491066992282867 0.400492995977402 0.367929011583328 0.41279798746109 0.408055990934372 0.437391012907028 0.394347012042999 0.390697002410889 0.41398099064827 0.419685989618301 0.394650012254715 0.308127999305725 0.254727005958557 0.267345011234283 0.415140002965927 0.327838003635406 0.316882014274597 0.428817987442017 0.466977000236511 0.486288011074066 0.534929990768433 0.556743979454041 0.644361972808838 0.651161015033722 0.669180989265442 0.653540015220642 0.694429993629456 0.671675980091095 0.593863010406494 0.629262983798981 0.615761995315552 0.682208001613617 0.566132009029388 0.582792997360229 0.635667979717255 0.544889986515045 0.628539025783539 0.514275014400482 -3.4e+38 -3.4e+38 -3.4e+38 -3.4e+38 -3.4e+38 -3.4e+38
0.352001011371613 0.363519012928009 0.407260000705719 0.343766987323761 0.3681960105896 0.404255002737045 0.453523010015488 0.414047986268997 0.412099987268448 0.429219990968704 0.44895601272583 0.433860003948212 0.37109300494194 0.28040599822998 0.282240003347397 0.270732998847961 0.356305986642838 0.495292007923126 0.459096997976303 0.455029010772705 0.655830979347229 0.550104975700378 0.540495991706848 0.610346019268036 0.657543003559113 0.656463980674744 0.656893014907837 0.632716000080109 0.700146019458771 0.638830006122589 0.601342022418976 0.6615269780159 0.69309401512146 0.68231600522995 0.623449981212616 0.606766998767853 0.655493974685669 0.605350971221924 0.651582002639771 0.618842005729675 -3.4e+38 -3.4e+38 -3.4e+38 -3.4e+38 -3.4e+38 -3.4e+38
0.363251000642776 0.364210993051529 0.37033599615097 0.351716995239258 0.400826990604401 0.412575989961624 0.444837987422943 0.414561986923218 0.440926998853683 0.498910009860992 0.513752996921539 0.459847003221512 0.35861000418663 0.27980700135231 0.358175009489059 0.275521993637085 0.324620991945267 0.407563000917435 0.581125020980835 0.5536749958992 0.690090000629425 0.604716002941132 0.514777004718781 0.583805978298187 0.598191022872925 0.71670800447464 0.67569500207901 0.640515029430389 0.670846998691559 0.644084990024567 0.628971993923187 0.708231985569 0.711226999759674 0.665277004241943 0.660396993160248 0.584954023361206 0.662980020046234 0.614307999610901 0.652199983596802 0 -3.4e+38 -3.4e+38 -3.4e+38 -3.4e+38 -3.4e+38 -3.4e+38
0.374213010072708 0.374228000640869 0.412510007619858 0.370880991220474 0.448689013719559 0.454026997089386 0.408261001110077 0.464367002248764 0.472043007612228 0.531072020530701 0.506332993507385 0.476388990879059 0.394941002130508 0.293503999710083 0.34850001335144 0.294939994812012 0.364262998104095 0.465593010187149 0.597853004932404 0.665036022663116 0.713524997234344 0.637803018093109 0.544938981533051 0.554386019706726 0.662621021270752 0.744997024536133 0.693792998790741 0.65046101808548 0.616629004478455 0.633183002471924 0.677411019802094 0.692165017127991 0.692533016204834 0.63087397813797 0.641484022140503 0.652037024497986 0.623167991638184 0.671477973461151 0.670624971389771 0 -3.4e+38 -3.4e+38 -3.4e+38 -3.4e+38 -3.4e+38 -3.4e+38
0.416994988918304 0.490958988666534 0.475217998027802 0.453559011220932 0.498906999826431 0.467967987060547 0.454506009817123 0.509465992450714 0.508571028709412 0.527184009552002 0.4757179915905 0.429084002971649 0.374114006757736 0.346783012151718 0.428285002708435 0.369957000017166 0.394593000411987 0.591799020767212 0.599987983703613 0.716480016708374 0.723303020000458 0.601074993610382 0.640919983386993 0.609935998916626 0.731308996677399 0.761447012424469 0.6823850274086 0.653225004673004 0.724520027637482 0.691480994224548 0.710391998291016 0.635553002357483 0.64129501581192 0.697982013225555 0.707451999187469 0.711884021759033 -3.4e+38 -3.4e+38 0 0 -3.4e+38 -3.4e+38 -3.4e+38 -3.4e+38 -3.4e+38 -3.4e+38
0.446689993143082 0.549149990081787 0.511593997478485 0.508594989776611 0.491118013858795 0.476193010807037 0.475071996450424 0.495135992765427 0.524272978305817 0.520739018917084 0.471565991640091 0.379785001277924 0.362134993076324 0.386482000350952 0.489192992448807 0.433030992746353 0.417611002922058 0.417241990566254 0.575667977333069 0.723133027553558 0.723092019557953 0.613496005535126 0.636569976806641 0.61100697517395 0.754655003547668 0.766146004199982 0.687304973602295 0.648105978965759 0.683546006679535 0.710922002792358 0.680872023105621 0.65777200460434 0.68020099401474 0.694764971733093 0.709985971450806 0.71792197227478 -3.4e+38 -3.4e+38 0 0 -3.4e+38 -3.4e+38 -3.4e+38 -3.4e+38 -3.4e+38 -3.4e+38
0.456400990486145 0.56583297252655 0.524480998516083 0.503385007381439 0.490680992603302 0.479097008705139 0.494581013917923 0.520996987819672 0.550373017787933 0.535183012485504 0.461338996887207 0.369554996490479 0.44998699426651 0.496320992708206 0.562237977981567 0.52904200553894 0.52175098657608 0.449265986680984 0.600489974021912 0.717086017131805 0.675643980503082 0.597436010837555 0.610230982303619 0.578391015529633 0.740532994270325 0.751932978630066 0.723308026790619 0.653849005699158 0.669000029563904 0.688665986061096 0.676558971405029 0.675693988800049 0.69700300693512 0.693085014820099 0.721759021282196 -3.4e+38 -3.4e+38 -3.4e+38 -3.4e+38 -3.4e+38 -3.4e+38 -3.4e+38 -3.4e+38 -3.4e+38 -3.4e+38 -3.4e+38
0.457590997219086 0.517031013965607 0.52699601650238 0.496194005012512 0.500268995761871 0.488700985908508 0.500622987747192 0.52682101726532 0.528645992279053 0.512605011463165 0.419654995203018 0.36887800693512 0.376042008399963 0.520363986492157 0.588018000125885 0.607475996017456 0.559808015823364 0.459778010845184 0.578626990318298 0.721063017845154 0.684128999710083 0.534906029701233 0.554072976112366 0.726711988449097 0.746653020381927 0.763315975666046 0.704177975654602 0.651937007904053 0.700389981269836 0.682765007019043 0.659900009632111 0.693257987499237 -3.4e+38 0.724110007286072 0.712845981121063 0.707395970821381 -3.4e+38 -3.4e+38 -3.4e+38 -3.4e+38 -3.4e+38 -3.4e+38 -3.4e+38 -3.4e+38 -3.4e+38 -3.4e+38
0.454805999994278 0.533048987388611 0.525537014007568 0.515649974346161 0.511875987052917 0.503346025943756 0.521791994571686 0.514499008655548 0.50518399477005 0.455098986625671 0.377521008253098 0.434926003217697 0.49210399389267 0.48981299996376 0.612536013126373 0.634432017803192 0.555553019046783 0.557967007160187 0.5675950050354 0.667963027954102 0.605297982692719 0.525680005550385 0.639712989330292 0.734013020992279 0.756452023983002 0.76000702381134 0.75941401720047 0.657473981380463 0.689593017101288 0.700598001480103 0.681083977222443 0.735536992549896 -3.4e+38 -3.4e+38 -3.4e+38 -3.4e+38 -3.4e+38 -3.4e+38 -3.4e+38 -3.4e+38 -3.4e+38 -3.4e+38 -3.4e+38 -3.4e+38 -3.4e+38 -3.4e+38
0.47256600856781 0.494846999645233 0.511790990829468 0.558724999427795 0.511353015899658 0.488754004240036 0.455224990844727 0.514787971973419 0.527459979057312 0.428929001092911 0.415089011192322 0.488817989826202 0.543169975280762 0.552003026008606 0.61030900478363 0.623513996601105 0.494931995868683 0.463481992483139 0.47621101140976 0.482843995094299 0.505829989910126 0.519105970859528 0.569347977638245 0.721670985221863 0.750863015651703 0.748978972434998 0.740842998027802 0.745519995689392 0.705564022064209 0.711427986621857 0.730439007282257 -3.4e+38 -3.4e+38 -3.4e+38 -3.4e+38 -3.4e+38 -3.4e+38 -3.4e+38 -3.4e+38 -3.4e+38 -3.4e+38 -3.4e+38 -3.4e+38 -3.4e+38 -3.4e+38 -3.4e+38
0.488918006420135 0.484008014202118 0.538302004337311 0.572565972805023 0.524599015712738 0.472916007041931 0.467462003231049 0.522809982299805 0.486382007598877 0.396162003278732 0.431841999292374 0.51308399438858 0.547828018665314 0.551984012126923 0.60574197769165 0.581310987472534 0.471024990081787 0.47885799407959 0.503818988800049 0.488940000534058 0.490826010704041 0.505420982837677 0.54746800661087 0.702001988887787 0.744306981563568 0.73800802230835 0.729469001293182 0.748997986316681 0.717302978038788 0.731281995773315 -3.4e+38 -3.4e+38 -3.4e+38 -3.4e+38 -3.4e+38 -3.4e+38 -3.4e+38 -3.4e+38 -3.4e+38 -3.4e+38 -3.4e+38 -3.4e+38 -3.4e+38 -3.4e+38 -3.4e+38 -3.4e+38
0.488588005304337 0.516925990581512 0.536118984222412 0.561214029788971 0.487684011459351 0.448159009218216 0.497155994176865 0.519159972667694 0.535553991794586 0.397751986980438 0.474721997976303 0.528006970882416 0.537374973297119 0.560662984848022 0.598412990570068 0.57097601890564 0.487881004810333 0.484959006309509 0.508875012397766 0.486025989055634 0.467005997896194 0.539929986000061 0.541253983974457 0.634479999542236 0.729219973087311 0.723671972751617 0.725709974765778 0.742672026157379 0.698418974876404 -3.4e+38 -3.4e+38 -3.4e+38 -3.4e+38 -3.4e+38 -3.4e+38 -3.4e+38 -3.4e+38 -3.4e+38 -3.4e+38 -3.4e+38 -3.4e+38 -3.4e+38 -3.4e+38 -3.4e+38 -3.4e+38 -3.4e+38
0.520609974861145 0.550203025341034 0.582569003105164 0.54494297504425 0.498652011156082 0.497709006071091 0.501338005065918 0.514192998409271 0.476381987333298 0.403376996517181 0.410246998071671 0.509406983852386 0.560736000537872 0.562034010887146 0.603892028331757 0.541085004806519 0.465167999267578 0.479835987091064 0.504485011100769 0.476278990507126 0.467611998319626 0.506098985671997 0.594677984714508 0.707328975200653 0.728989005088806 0.710790991783142 0.721004009246826 0.71941602230072 -3.4e+38 -3.4e+38 -3.4e+38 -3.4e+38 -3.4e+38 -3.4e+38 -3.4e+38 -3.4e+38 -3.4e+38 -3.4e+38 -3.4e+38 -3.4e+38 -3.4e+38 -3.4e+38 -3.4e+38 -3.4e+38 -3.4e+38 -3.4e+38
0.576498985290527 0.569719016551971 0.55181097984314 0.557205021381378 0.487565994262695 0.531452000141144 0.538787007331848 0.50671398639679 0.418738007545471 0.41906800866127 0.410952001810074 0.483792006969452 0.525524020195007 0.550455987453461 0.596342980861664 0.529733002185822 0.491214990615845 0.495943993330002 0.493598997592926 0.452042013406754 0.450235992670059 0.429690003395081 0.508148014545441 0.640927970409393 0.710286974906921 0.694945991039276 0.700725018978119 -3.4e+38 -3.4e+38 -3.4e+38 -3.4e+38 -3.4e+38 -3.4e+38 -3.4e+38 -3.4e+38 -3.4e+38 -3.4e+38 -3.4e+38 -3.4e+38 -3.4e+38 -3.4e+38 -3.4e+38 -3.4e+38 -3.4e+38 -3.4e+38 -3.4e+38
0.574925005435944 0.518886983394623 0.514383971691132 0.533622980117798 0.536046028137207 0.558559000492096 0.558942973613739 0.482656985521317 0.408811002969742 0.430236011743546 0.41872900724411 0.432646989822388 0.474795013666153 0.448608994483948 0.525045990943909 0.545484006404877 0.532389998435974 0.500196993350983 0.479564011096954 0.420271009206772 0.422026991844177 0.438282012939453 0.515730977058411 0.489181011915207 0.681329011917114 0.679485023021698 -3.4e+38 -3.4e+38 -3.4e+38 -3.4e+38 -3.4e+38 -3.4e+38 -3.4e+38 -3.4e+38 -3.4e+38 -3.4e+38 -3.4e+38 -3.4e+38 -3.4e+38 -3.4e+38 -3.4e+38 -3.4e+38 -3.4e+38 -3.4e+38 -3.4e+38 -3.4e+38
0.582926988601685 0.528508007526398 0.534934997558594 0.540481984615326 0.554525017738342 0.560005009174347 0.496170997619629 0.46739000082016 0.399706989526749 0.41737300157547 0.418179005384445 0.429331988096237 0.446088999509811 0.422692000865936 0.485036998987198 0.493741989135742 0.504528999328613 0.504796028137207 0.489627003669739 0.433438986539841 0.439527988433838 0.444216012954712 0.483018010854721 0.486292988061905 0.658506989479065 0.660131990909576 -3.4e+38 -3.4e+38 -3.4e+38 -3.4e+38 -3.4e+38 -3.4e+38 -3.4e+38 -3.4e+38 -3.4e+38 -3.4e+38 -3.4e+38 -3.4e+38 -3.4e+38 -3.4e+38 -3.4e+38 -3.4e+38 -3.4e+38 -3.4e+38 -3.4e+38 -3.4e+38
0.543466985225677 0.534982979297638 0.557309985160828 0.543744027614594 0.567574977874756 0.561848998069763 0.435784995555878 0.425108999013901 0.378174990415573 0.404680013656616 0.408991992473602 0.397359997034073 0.423162013292313 0.443621009588242 0.466190010309219 0.483408987522125 0.494239985942841 0.499870002269745 0.489425003528595 0.485621005296707 0.477275997400284 0.459109008312225 0.465389013290405 0.516641020774841 0.656902015209198 0.653178989887238 -3.4e+38 -3.4e+38 -3.4e+38 -3.4e+38 -3.4e+38 -3.4e+38 -3.4e+38 -3.4e+38 -3.4e+38 -3.4e+38 -3.4e+38 -3.4e+38 -3.4e+38 -3.4e+38 -3.4e+38 -3.4e+38 -3.4e+38 -3.4e+38 -3.4e+38 -3.4e+38
0.605760991573334 0.538371026515961 0.545369029045105 0.560386002063751 0.540966987609863 0.512028992176056 0.469357013702393 0.379193991422653 0.380358994007111 0.383679002523422 0.388586014509201 0.399794012308121 0.430126994848251 0.482239991426468 0.504814982414246 0.494830012321472 0.516201972961426 0.517997980117798 0.524065017700195 0.508228003978729 0.531903982162476 0.490523010492325 0.469215005636215 0.526313006877899 0.573417007923126 0.663531005382538 0.652468979358673 -3.4e+38 -3.4e+38 -3.4e+38 -3.4e+38 -3.4e+38 -3.4e+38 -3.4e+38 -3.4e+38 -3.4e+38 -3.4e+38 -3.4e+38 -3.4e+38 -3.4e+38 -3.4e+38 -3.4e+38 -3.4e+38 -3.4e+38 -3.4e+38 -3.4e+38
0.61912602186203 0.586933016777039 0.546249985694885 0.542723000049591 0.53403902053833 0.502182006835938 0.497222006320953 0.381305009126663 0.363584011793137 0.387625992298126 0.39827299118042 0.404911994934082 0.428442001342773 0.468802005052567 0.500213980674744 0.492567002773285 0.520703971385956 0.542384028434753 0.562870979309082 0.548479974269867 0.521766006946564 0.524160027503967 0.514081001281738 0.53200501203537 0.60910302400589 0.643701016902924 0.635684013366699 0.567654013633728 -3.4e+38 -3.4e+38 -3.4e+38 -3.4e+38 -3.4e+38 -3.4e+38 -3.4e+38 -3.4e+38 -3.4e+38 -3.4e+38 -3.4e+38 -3.4e+38 -3.4e+38 -3.4e+38 -3.4e+38 -3.4e+38 -3.4e+38 -3.4e+38
