Sp_maps/Fauna_Cerrado/Lycalopex_vetulus.asc
NCOLS 186 
NROWS 224 
XLLCORNER -60.109416846 
YLLCORNER -24.68462619 
CELLSIZE 0.1 
NODATA_value -3.4e+38 
[rows 100 to 119 of 224, columns 0 to 46 of 186]
-3.4e+38 -3.4e+38 -3.4e+38 0.404918998479843 0.398871004581451 0.356943011283875 0.402657002210617 0.407306998968124 0.371208012104034 0.37279999256134 0.38586899638176 0.366649001836777 0.360148012638092 0.351401001214981 0.340195000171661 0 0 0 0 0 0 -3.4e+38 -3.4e+38 -3.4e+38 -3.4e+38 -3.4e+38 -3.4e+38 -3.4e+38 -3.4e+38 -3.4e+38 -3.4e+38 -3.4e+38 -3.4e+38 -3.4e+38 -3.4e+38 -3.4e+38 -3.4e+38 -3.4e+38 0 0 0 0 -3.4e+38 -3.4e+38 0 -3.4e+38 -3.4e+38
-3.4e+38 -3.4e+38 0.395294010639191 0.413002014160156 0.412633985280991 0.403681993484497 0.413183003664017 0.4062539935112 0.370725989341736 0.381316006183624 0.365025013685226 0.359766989946365 0.360944986343384 0.331925988197327 0.347207009792328 0.343100994825363 0.351202994585037 0 0 0 0 0 -3.4e+38 -3.4e+38 -3.4e+38 -3.4e+38 -3.4e+38 -3.4e+38 -3.4e+38 -3.4e+38 -3.4e+38 -3.4e+38 -3.4e+38 -3.4e+38 -3.4e+38 -3.4e+38 -3.4e+38 0 0 0 0 0 0 0 0 0 -3.4e+38
-3.4e+38 -3.4e+38 0.427837997674942 0.444591999053955 0.400031000375748 0.410580992698669 0.406475991010666 0.409990012645721 0.381390005350113 0.348401010036469 0.348372012376785 0.337554007768631 0.333285987377167 0.325264006853104 0.335357993841171 0.340878993272781 0.329878002405167 0.317532986402512 0.307368993759155 0 0 0 -3.4e+38 -3.4e+38 -3.4e+38 -3.4e+38 -3.4e+38 -3.4e+38 -3.4e+38 -3.4e+38 -3.4e+38 -3.4e+38 -3.4e+38 -3.4e+38 -3.4e+38 -3.4e+38 0 0 0 0 0 0 0 0 0 -3.4e+38 -3.4e+38
-3.4e+38 -3.4e+38 0.459798008203506 0.45277601480484 0.427558988332748 0.37941500544548 0.426250010728836 0.360949009656906 0.343580991029739 0.325962007045746 0.338631004095078 0.342034995555878 0.310966014862061 0.304190993309021 0.333133012056351 0.329930990934372 0.313899993896484 0.310106009244919 0.307314991950989 0.29483699798584 0 0 0 -3.4e+38 -3.4e+38 -3.4e+38 -3.4e+38 -3.4e+38 -3.4e+38 -3.4e+38 -3.4e+38 -3.4e+38 -3.4e+38 -3.4e+38 -3.4e+38 -3.4e+38 0 0 0 0 0 0 0 0 0 -3.4e+38 -3.4e+38
-3.4e+38 0.4410560131073 0.426104009151459 0.452253013849258 0.423357009887695 0.397556006908417 0.367195010185242 0.336676001548767 0.321200013160706 0.33084499835968 0.330951005220413 0.324276000261307 0.321379989385605 0.301135003566742 0.327912986278534 0.300534009933472 0.307096987962723 0.310838997364044 0.303427010774612 0.286357998847961 0.277873992919922 -3.4e+38 -3.4e+38 -3.4e+38 -3.4e+38 -3.4e+38 -3.4e+38 -3.4e+38 -3.4e+38 -3.4e+38 -3.4e+38 -3.4e+38 -3.4e+38 -3.4e+38 -3.4e+38 -3.4e+38 0 0 0 0 0 0 0 0 0 0 -3.4e+38
-3.4e+38 0.410481989383698 0.374442994594574 0.349110990762711 0.374534994363785 0.378908008337021 0.367105007171631 0.325937986373901 0.320679992437363 0.338281005620956 0.317492991685867 0.318430989980698 0.320262998342514 0.295875012874603 0.310079991817474 0.30188199877739 0.292100995779037 0.299461990594864 0.293660998344421 0.284227013587952 0.278286010026932 -3.4e+38 -3.4e+38 -3.4e+38 -3.4e+38 -3.4e+38 -3.4e+38 -3.4e+38 -3.4e+38 -3.4e+38 -3.4e+38 -3.4e+38 -3.4e+38 -3.4e+38 -3.4e+38 -3.4e+38 0 0 0 0 0 0 0 0 0 0 -3.4e+38
-3.4e+38 0.395628988742828 0.362639993429184 0.346507996320724 0.319490998983383 0.384696990251541 0.362926989793777 0.330173999071121 0.332071006298065 0.314972013235092 0.303640007972717 0.316974997520447 0.315593987703323 0.298094987869263 0.312909007072449 0.296761006116867 0.292737007141113 0.296662986278534 0.290529996156693 0.282570004463196 0.282644003629684 -3.4e+38 -3.4e+38 -3.4e+38 -3.4e+38 -3.4e+38 -3.4e+38 -3.4e+38 -3.4e+38 -3.4e+38 -3.4e+38 -3.4e+38 -3.4e+38 -3.4e+38 -3.4e+38 -3.4e+38 0 0 0 0 0 0 0 0 0 0 0
-3.4e+38 -3.4e+38 0.361638993024826 0.337442010641098 0.306176990270615 0.310166001319885 0.329549014568329 0.315468996763229 0.318592995405197 0.333656013011932 0.326718002557755 0.315138012170792 0.314981997013092 0.317066997289658 0.312216013669968 0.309415996074677 0.289139986038208 0.290663987398148 0.284222990274429 0.299832999706268 0.290645986795425 0.285661995410919 0.27581998705864 0.271530985832214 -3.4e+38 0.252054989337921 -3.4e+38 -3.4e+38 -3.4e+38 -3.4e+38 -3.4e+38 -3.4e+38 -3.4e+38 -3.4e+38 -3.4e+38 -3.4e+38 -3.4e+38 0 0 0 0 0 0 0 0 0 0
-3.4e+38 -3.4e+38 0.312483996152878 0.301447987556458 0.313125997781754 0.332653999328613 0.347133994102478 0.332228988409042 0.346338003873825 0.313845008611679 0.330058008432388 0.30943500995636 0.303213000297546 0.281717985868454 0.311924993991852 0.298063993453979 0.300202995538712 0.308813005685806 0.295657992362976 0.294654995203018 0.279168993234634 0.287809014320374 0.26715299487114 0.28642600774765 0.259312003850937 0.247270002961159 -3.4e+38 -3.4e+38 -3.4e+38 -3.4e+38 -3.4e+38 -3.4e+38 -3.4e+38 -3.4e+38 -3.4e+38 -3.4e+38 0 0 0 0 0 0 0 0 0 0 0
-3.4e+38 -3.4e+38 -3.4e+38 0.274239987134933 0.319532006978989 0.316828012466431 0.34401199221611 0.325331002473831 0.321624994277954 0.338757991790771 0.329394996166229 0.315741986036301 0.294658988714218 0.279498994350433 0.315899014472961 0.31411600112915 0.288103014230728 0.302381992340088 0.279374003410339 0.286392003297806 0.277417987585068 0.27523198723793 0.259743988513947 0.271106988191605 0.271232008934021 0.25415500998497 -3.4e+38 -3.4e+38 -3.4e+38 -3.4e+38 -3.4e+38 -3.4e+38 -3.4e+38 -3.4e+38 -3.4e+38 0 0 0 0 0.259905993938446 0.25739398598671 0.258711010217667 0.263525992631912 0.270882993936539 0.280369013547897 0.285194009542465 0.280288994312286
-3.4e+38 -3.4e+38 -3.4e+38 0.264647006988525 0.319308996200562 0.340712994337082 0.334455013275146 0.300464004278183 0.281971007585526 0.334147989749908 0.314083009958267 0.306434005498886 0.278308987617493 0.276511013507843 0.299829006195068 0.297663003206253 0.278046995401382 0.286819010972977 0.272433012723923 0.270610988140106 0.271126985549927 0.265935987234116 0.263292998075485 0.26629701256752 0.259593993425369 0.250665009021759 0.259438991546631 0.251278012990952 -3.4e+38 -3.4e+38 -3.4e+38 -3.4e+38 -3.4e+38 0 0 0.26290699839592 0.272455006837845 0.271907985210419 0.264485001564026 0.271705001592636 0.26171401143074 0.277161985635757 0.277236014604568 0.282985985279083 0.28625699877739 0.2882179915905 0.297517001628876
-3.4e+38 -3.4e+38 -3.4e+38 -3.4e+38 0.272781997919083 0.309900999069214 0.317750990390778 0.312476009130478 0.302890986204147 0.294981986284256 0.273214995861053 0.287667989730835 0.29236701130867 0.283531010150909 0.29805600643158 0.284810990095139 0.288105010986328 0.284076988697052 0.279184013605118 0.267069011926651 0.275896996259689 0.271932989358902 0.264627009630203 0.263505011796951 0.267856001853943 0.26597398519516 0.250113993883133 -3.4e+38 -3.4e+38 -3.4e+38 0.250454992055893 0.256624013185501 0.271400988101959 0.274973005056381 0.269068986177444 0.260082006454468 0.277503997087479 0.277792006731033 0.270101994276047 0.273907989263535 0.276421993970871 0.290039986371994 0.298976987600327 0.297524005174637 0.299430996179581 0.307666003704071 0.303483009338379
-339999999999999996123846586046231871488.000000000000000 -3.4e+38 -3.4e+38 -3.4e+38 -3.4e+38 -3.4e+38 0.322605013847351 0.30774000287056 0.308926999568939 0.284072011709213 0.286280006170273 0.292867004871368 0.288441002368927 0.290488004684448 0.282429993152618 0.275934010744095 0.285279989242554 0.276704013347626 0.278468012809753 0.279464989900589 0.279408991336823 0.272601008415222 0.261999011039734 0.255452990531921 0.262946009635925 0.259234994649887 0.251998007297516 -3.4e+38 -3.4e+38 -3.4e+38 0.257786989212036 0.259285986423492 0.266878008842468 0.273851007223129 0.268934011459351 0.270511001348495 0.27360001206398 0.281679004430771 0.281235009431839 0.274939000606537 0.282719999551773 0.291395992040634 0.308008998632431 0.3089439868927 0.31275001168251 0.316832989454269 0.307631999254227
-3.4e+38 -3.4e+38 -3.4e+38 -3.4e+38 -3.4e+38 -3.4e+38 -3.4e+38 0.26757600903511 0.280276000499725 0.290564000606537 0.286179006099701 0.301005989313126 0.268745005130768 0.304713010787964 0.299899995326996 0.278459012508392 0.295197993516922 0.273384004831314 0.271813005208969 0.273678988218307 0.28235200047493 0.277256995439529 0.269116014242172 0.276219010353088 0.261794000864029 0.259413003921509 0.269706010818481 -3.4e+38 -3.4e+38 -3.4e+38 0.262899994850159 0.272049993276596 0.278993010520935 0.282781004905701 0.29483500123024 0.28209599852562 0.259065985679626 0.259656012058258 0.190533995628357 0.22843199968338 0.271957993507385 0.308030992746353 0.317649990320206 0.31582498550415 0.316136986017227 0.321916997432709 0.320632994174957
-3.4e+38 -3.4e+38 -3.4e+38 -3.4e+38 -3.4e+38 -3.4e+38 0.300664007663727 0.248333007097244 0.267428994178772 0.262594997882843 0.29314199090004 0.310409009456635 0.260583013296127 0.294533014297485 0.294434010982513 0.280402988195419 0.302801996469498 0.277527987957001 0.273977011442184 0.267219007015228 0.266185998916626 0.288453012704849 0.278981000185013 0.287308990955353 0.284824997186661 0.266864001750946 0.283275008201599 0.263471990823746 0.260722011327744 0.258763998746872 0.255499005317688 0.273887991905212 0.284781008958817 0.288255989551544 0.300399988889694 0.292266994714737 0.307842999696732 0.176099002361298 0.173681005835533 0.196274995803833 0.271344989538193 0.318345010280609 0.323495000600815 0.323653995990753 0.320367008447647 0.329268991947174 0.334232002496719
-3.4e+38 -3.4e+38 -3.4e+38 0 0 0 0.286191999912262 0.258509010076523 0.266743987798691 0.261864006519318 0.268278986215591 0.299730002880096 0.26188600063324 0.284103989601135 0.285879999399185 0.277280986309052 0.297760993242264 0.279309004545212 0.278317987918854 0.264829009771347 0.281343013048172 0.280425012111664 0.284866988658905 0.292901992797852 0.27827200293541 0.27079901099205 0.287422001361847 0.27437499165535 0.266748994588852 0.261193007230759 0.277117997407913 0.283600002527237 0.286541998386383 0.291426002979279 0.285997986793518 0.260605990886688 0.214768007397652 0.188993006944656 0.185536995530128 0.26180100440979 0.234861001372337 0.327266007661819 0.340227007865906 0.339055001735687 0.335543006658554 0.340043008327484 0.34926900267601
-3.4e+38 -3.4e+38 -3.4e+38 -3.4e+38 0 0 0.258350014686584 0.276324987411499 0.270087987184525 0.289979994297028 0.288441985845566 0.290881007909775 0.271014988422394 0.283728986978531 0.290277004241943 0.276140004396439 0.277260005474091 0.277173012495041 0.282380998134613 0.282642006874084 0.297230988740921 0.281230002641678 0.294546008110046 0.28914400935173 0.270227998495102 0.269614994525909 0.276897013187408 0.26502600312233 0.271943002939224 0.270767986774445 0.277235001325607 0.293673008680344 0.297028005123138 0.287645012140274 0.304744005203247 0.279899001121521 0.195554003119469 0.196906998753548 0.196037992835045 0.242072001099586 0.347770005464554 0.304154992103577 0.343964993953705 0.347892999649048 0.355848014354706 0.414148986339569 0.353291004896164
-3.4e+38 -3.4e+38 -3.4e+38 -3.4e+38 -3.4e+38 0 0 0.279175996780396 0.263563007116318 0.268927007913589 0.300009995698929 0.278376013040543 0.270191997289658 0.263366997241974 0.280930995941162 0.275261014699936 0.277262002229691 0.279489994049072 0.284931004047394 0.290610998868942 0.295864999294281 0.276838004589081 0.297159999608994 0.280791014432907 0.269593000411987 0.266797006130219 0.270915985107422 0.2933129966259 0.280153006315231 0.287515997886658 -3.4e+38 -3.4e+38 -3.4e+38 0.30060800909996 0.217334002256393 0.191543996334076 0.19896499812603 0.209365993738174 0.210664004087448 0.251269996166229 0.280972003936768 0.313273996114731 0.37117400765419 0.379253000020981 0.532576978206635 0.375874012708664 0.429798990488052
-3.4e+38 -3.4e+38 -3.4e+38 -3.4e+38 -3.4e+38 0 0 0 0.254788994789124 0.269315987825394 0.255187004804611 0.266914993524551 0.271328985691071 0.272215008735657 0.279933005571365 0.263458013534546 0.269226014614105 0.273804008960724 0.277065992355347 0.311213999986649 0.305352985858917 0.286552011966705 0.292192012071609 0.292340010404587 0.278163999319077 -3.4e+38 -3.4e+38 -3.4e+38 -3.4e+38 -3.4e+38 -3.4e+38 -3.4e+38 -3.4e+38 -3.4e+38 0.275067001581192 0.214634001255035 0.221158996224403 0.236831992864609 0.228288993239403 0.23377899825573 0.332917988300323 0.410941988229752 0.529100000858307 0.631911993026733 0.586236000061035 0.653469979763031 0.535884976387024
-3.4e+38 -3.4e+38 -3.4e+38 -3.4e+38 -3.4e+38 0 0 0 0 0.259306013584137 0.239074006676674 0.26494699716568 0.248765006661415 0.268489003181458 0.264764994382858 0.264028996229172 0.28234601020813 0.265217006206512 0.288587003946304 0.308385998010635 0.305202007293701 0.309991002082825 0.295718014240265 0.293691009283066 -3.4e+38 -3.4e+38 -3.4e+38 -3.4e+38 -3.4e+38 -3.4e+38 -3.4e+38 -3.4e+38 -3.4e+38 -3.4e+38 0.253803014755249 0.231438994407654 0.239097997546196 0.237970992922783 0.300642013549805 0.393029987812042 0.593551993370056 0.605916023254395 0.625385999679565 0.61778998374939 0.666297018527985 0.665214002132416 0.62525999546051
