Sp_maps/Fauna_Cerrado/Lycalopex_vetulus.asc
NCOLS 186 
NROWS 224 
XLLCORNER -60.109416846 
YLLCORNER -24.68462619 
CELLSIZE 0.1 
NODATA_value -3.4e+38 
[rows 120 to 139 of 224, columns 47 to 93 of 186]
0.692294001579285 0.679751992225647 0.661692023277283 0.670297980308533 0.639163017272949 0.627324998378754 0.564016997814178 0.491349995136261 0.483547002077103 0.541652023792267 0.424950987100601 0.324229001998901 0.325116008520126 0.334019988775253 0.32974499464035 0.507697999477386 0.305725991725922 0.296714007854462 0.296050995588303 0.356862992048264 0.376908987760544 0.273339003324509 0.329342991113663 0.290389001369476 0.273138999938965 0.296644985675812 0.289667010307312 0.301681011915207 0.32320499420166 0.334634006023407 0.357528001070023 0.378383010625839 0.383047014474869 0.401648998260498 0.411978006362915 0.45082700252533 0.459677010774612 0.473448991775513 0.482387006282806 0.502412021160126 0.525982022285461 0.542002975940704 0.552227973937988 0.560259997844696 0.569895029067993 0.572643995285034 0.530295014381409
0.685015022754669 0.675832986831665 0.662216007709503 0.64802098274231 0.643217980861664 0.63441002368927 0.597917973995209 0.499078989028931 0.494275003671646 0.594891011714935 0.431648999452591 0.381280988454819 0.337511986494064 0.322430998086929 0.530003011226654 0.395054012537003 0.371123999357224 0.422838985919952 0.297163993120193 0.464475005865097 0.37779700756073 0.322243988513947 0.272004991769791 0.272882014513016 0.282770991325378 0.288625001907349 0.303339004516602 0.304381996393204 0.313663989305496 0.328047007322311 0.353260010480881 0.368138998746872 0.379040002822876 0.403775006532669 0.409377992153168 0.455168008804321 0.465503990650177 0.487765997648239 0.496333003044128 0.502973973751068 0.540199995040894 0.553058981895447 0.561242997646332 0.578492999076843 0.580071985721588 0.52826201915741 0.544137001037598
0.695208013057709 0.68035101890564 0.667174994945526 0.656396985054016 0.6579669713974 0.63375198841095 0.63619601726532 0.619808971881866 0.605256974697113 0.612294018268585 0.460413008928299 0.511448979377747 0.40072101354599 0.442829996347427 0.524653017520905 0.307518988847733 0.37431600689888 0.420437008142471 0.418615996837616 0.3437440097332 0.362397998571396 0.420949995517731 0.322322994470596 0.268721997737885 0.268696993589401 0.27590200304985 0.289642989635468 0.298328995704651 0.318383008241653 0.320809990167618 0.338230013847351 0.365675985813141 0.389818012714386 0.400063991546631 0.408746987581253 0.453135013580322 0.469422996044159 0.484921008348465 0.496692985296249 0.512992024421692 0.551082015037537 0.557290971279144 0.574860990047455 0.586073994636536 0.593788981437683 0.602730989456177 0.490339994430542
0.687007009983063 0.687296986579895 0.695590019226074 0.693965971469879 0.680563986301422 0.666821002960205 0.628615975379944 0.647099018096924 0.561535000801086 0.517188012599945 0.388056010007858 0.387800008058548 0.401962012052536 0.429278999567032 0.529152989387512 0.505806028842926 0.38569900393486 0.376432001590729 0.358002990484238 0.325834989547729 0.262376010417938 0.309181988239288 0.249522998929024 0.345205992460251 0.25848400592804 0.316720992326736 0.276311010122299 0.277446001768112 0.290140986442566 0.313675999641418 0.337882995605469 0.363139003515244 0.379619985818863 0.40531599521637 0.425060003995895 0.453404009342194 0.478565007448196 0.489228993654251 0.512126982212067 0.52606201171875 0.563356995582581 0.589855015277863 0.594052016735077 0.609856009483337 0.616554021835327 0.493773996829987 0.377404987812042
0.695985972881317 0.70048600435257 0.69897997379303 0.683475971221924 0.667007982730865 0.681550025939941 0.677616000175476 0.612828016281128 0.509186983108521 0.508031010627747 0.399740010499954 0.327436000108719 0.335552990436554 0.377871006727219 0.516130983829498 0.460132986307144 0.520376980304718 0.446346998214722 0.487194985151291 0.310851991176605 0.257822006940842 0.299244999885559 0.333097994327545 0.303521007299423 0.301463007926941 0.307673990726471 0.266862004995346 0.274264007806778 0.2917859852314 0.299641013145447 0.338259011507034 0.369172006845474 0.386171996593475 0.413320988416672 0.422338008880615 0.460734993219376 0.480576992034912 0.492233008146286 0.523519992828369 0.527463972568512 0.577481985092163 0.590714991092682 0.617242991924286 0.616686999797821 0.557075977325439 0.385558992624283 0.38272500038147
0.719538986682892 0.722544014453888 0.68791401386261 0.680082023143768 0.708423018455505 0.677877008914948 0.695125997066498 0.638332009315491 0.482125997543335 0.518975973129272 0.424524992704391 0.414745986461639 0.433387011289597 0.465719014406204 0.512970983982086 0.339148014783859 0.438544988632202 0.436857998371124 0.484562993049622 0.404673993587494 0.300004005432129 0.249002993106842 0.242337003350258 0.240143001079559 0.234906002879143 0.342812985181808 0.257349997758865 0.275619000196457 0.278239011764526 0.299369990825653 0.337168008089066 0.365749001502991 0.383403986692429 0.405761986970901 0.417059987783432 0.461943000555038 0.47613999247551 0.496461004018784 0.527037024497986 0.537784993648529 0.583054006099701 0.605297982692719 0.613846004009247 0.620685994625092 0.561553001403809 0.397087007761002 0.401665985584259
0.709731996059418 0.696146011352539 0.721831023693085 0.729218006134033 0.720013022422791 0.684444010257721 0.644497990608215 0.595906972885132 0.547949016094208 0.573159992694855 0.539296984672546 0.418395012617111 0.400153011083603 0.43817600607872 0.504836022853851 0.504495024681091 0.439330995082855 0.435938000679016 0.462339013814926 0.392538011074066 0.305579990148544 0.394771009683609 0.276205003261566 0.313594996929169 0.236040994524956 0.230865001678467 0.252126008272171 0.261819988489151 0.269205003976822 0.304165989160538 0.339172005653381 0.364596992731094 0.384348005056381 0.403757005929947 0.422318994998932 0.466194003820419 0.486232995986938 0.500666975975037 0.51645702123642 0.539394021034241 0.582243978977203 0.603407025337219 0.604026019573212 0.62618499994278 0.432289004325867 0.400894999504089 0.417391002178192
0.740022003650665 0.710529029369354 0.663085997104645 0.690437018871307 0.699392020702362 0.701719999313354 0.636593997478485 0.528120994567871 0.610783994197845 0.612510025501251 0.546401977539062 0.551410019397736 0.379830002784729 0.431297987699509 0.512921988964081 0.409487992525101 0.456117004156113 0.451784998178482 0.414537012577057 0.38375198841095 0.280791014432907 0.224243000149727 0.309590995311737 0.402559012174606 0.344556987285614 0.255975991487503 0.231051996350288 0.251037001609802 0.266882002353668 0.293752014636993 0.340324014425278 0.368891000747681 0.389521986246109 0.408457010984421 0.429051011800766 0.467671006917953 0.485273987054825 0.504559993743896 0.525969982147217 0.542511999607086 0.574025988578796 0.586145997047424 0.59416002035141 0.618466019630432 0.507494986057281 0.405081003904343 0.417317986488342
0.750756978988647 0.726767003536224 0.689444005489349 0.644958972930908 0.651966989040375 0.663002014160156 0.664368987083435 0.603974997997284 0.509436011314392 0.576807022094727 0.506761014461517 0.529295027256012 0.544970989227295 0.504625022411346 0.548152983188629 0.529946982860565 0.50832200050354 0.491064012050629 0.505249977111816 0.458707988262177 0.410113006830215 0.349321991205215 0.288011997938156 0.20116400718689 0.271048009395599 0.237240999937057 0.208057001233101 0.236202999949455 0.256976991891861 0.280209004878998 0.352636992931366 0.382196009159088 0.397632986307144 0.421658992767334 0.434819012880325 0.468513995409012 0.497447997331619 0.516399025917053 0.524008989334106 0.544360995292664 0.568696022033691 0.575614988803864 0.590340971946716 0.548326015472412 0.519604027271271 0.438349008560181 0.443760007619858
0.735098004341125 0.732672989368439 0.721292972564697 0.678453028202057 0.678551971912384 0.675692975521088 0.681535005569458 0.663951992988586 0.63409298658371 0.580320000648499 0.574716985225677 0.573230028152466 0.503997981548309 0.499958992004395 0.542083024978638 0.502951979637146 0.487022012472153 0.473277002573013 0.34068900346756 0.432453006505966 0.359696000814438 0.400945991277695 0.217913001775742 0.344808995723724 0.223148003220558 0.234923005104065 0.19658599793911 0.227851003408432 0.240728005766869 0.271744012832642 0.322578996419907 0.383588999509811 0.399266004562378 0.427720010280609 0.443679004907608 0.472847014665604 0.495171010494232 0.513032972812653 0.529469013214111 0.542289972305298 0.572037994861603 0.574753999710083 0.599249005317688 0.501408994197845 0.401737987995148 0.445538997650146 0.456957995891571
0.743331015110016 0.720911979675293 0.66398298740387 0.680293023586273 0.673313021659851 0.675523996353149 0.699009001255035 0.659425020217896 0.669266998767853 0.579584002494812 0.513966023921967 0.598613023757935 0.551153004169464 0.544777989387512 0.547393023967743 0.512896001338959 0.49965301156044 0.489080011844635 0.455383986234665 0.443397998809814 0.375182002782822 0.396313011646271 0.199662998318672 0.200726002454758 0.206644997000694 0.293421000242233 0.18137900531292 0.217065006494522 0.231727004051208 0.280010014772415 0.339495986700058 0.366569012403488 0.419551998376846 0.444088995456696 0.456927001476288 0.487673997879028 0.50561398267746 0.517894983291626 0.531167984008789 0.540845990180969 0.57335901260376 0.586238026618958 0.54290097951889 0.50372701883316 0.46697598695755 0.453090995550156 0.471004009246826
0.675123989582062 0.691272974014282 0.671741008758545 0.668765008449554 0.69659698009491 0.66619598865509 0.672726988792419 0.686960995197296 0.653515994548798 0.650784015655518 0.541320025920868 0.49848398566246 0.528892993927002 0.530786991119385 0.560159027576447 0.491432011127472 0.502543985843658 0.487390011548996 0.413145005702972 0.397430986166 0.332524001598358 0.312148004770279 0.225886002182961 0.312619000673294 0.176273003220558 0.162992000579834 0.1700139939785 0.205951005220413 0.230011001229286 0.26070499420166 0.352192997932434 0.396032989025116 0.427617996931076 0.444487988948822 0.458328992128372 0.501443982124329 0.506196975708008 0.5225949883461 0.538913011550903 0.545063018798828 0.575743019580841 0.593334972858429 0.606069982051849 0.508841991424561 0.413453012704849 0.451492011547089 0.467534989118576
0.673600971698761 0.681677997112274 0.708424985408783 0.738847017288208 0.748796999454498 0.723824977874756 0.711481988430023 0.718047976493835 0.713205993175507 0.594072997570038 0.623288989067078 0.650766015052795 0.544708013534546 0.550247013568878 0.566287994384766 0.504517018795013 0.493209987878799 0.460193991661072 0.459677010774612 0.364273995161057 0.260329991579056 0.360614985227585 0.26495099067688 0.303701013326645 0.161859005689621 0.146170005202293 0.158212006092072 0.196040004491806 0.219895005226135 0.277756005525589 0.364544004201889 0.407934993505478 0.439644992351532 0.463615000247955 0.478789985179901 0.508207023143768 0.514885008335114 0.533524990081787 0.5521240234375 0.553735971450806 0.584650993347168 0.607021987438202 0.567263007164001 0.456321001052856 0.417842000722885 0.456921994686127 0.468685001134872
0.680876970291138 0.693762004375458 0.712580978870392 0.736375987529755 0.730167984962463 0.753917992115021 0.731482982635498 0.704111993312836 0.687720000743866 0.666848003864288 0.638997972011566 0.574872016906738 0.560163974761963 0.567710995674133 0.526535987854004 0.522844970226288 0.493234992027283 0.494044005870819 0.472389996051788 0.406186014413834 0.313789993524551 0.191007003188133 0.150882005691528 0.179477006196976 0.128453001379967 0.141352996230125 0.145427003502846 0.184116005897522 0.242232993245125 0.275510996580124 0.397193998098373 0.450417995452881 0.492881000041962 0.506401002407074 0.505542993545532 0.519297003746033 0.524084985256195 0.531992971897125 0.542499005794525 0.576384007930756 0.60393899679184 0.623237013816833 0.638395011425018 0.418148994445801 0.422708004713058 0.46084800362587 0.45413601398468
0.687762975692749 0.713653028011322 0.697153985500336 0.737195014953613 0.728357017040253 0.751877009868622 0.745667994022369 0.739695012569427 0.709492981433868 0.698794007301331 0.605552017688751 0.58610999584198 0.580622017383575 0.512431979179382 0.500037014484406 0.491652995347977 0.436259001493454 0.403952986001968 0.44829198718071 0.38119700551033 0.339976996183395 0.208716005086899 0.19438199698925 0.143266007304192 0.138349995017052 0.148259997367859 0.164939999580383 0.20032399892807 0.238239005208015 0.284972995519638 0.374716013669968 0.446808993816376 0.51308798789978 0.522086977958679 0.508463978767395 0.521529018878937 0.530844986438751 0.535380005836487 0.550557971000671 0.570657014846802 0.625532984733582 0.644904971122742 0.536125004291534 0.409103989601135 0.431080996990204 0.4583820104599 0.477849006652832
0.690908014774323 0.69157600402832 0.689823985099792 0.730978012084961 0.736285984516144 0.745123982429504 0.738563001155853 0.751094996929169 0.735001981258392 0.606175005435944 0.548241972923279 0.511543989181519 0.429794013500214 0.505739986896515 0.558367013931274 0.519776999950409 0.442492991685867 0.29491400718689 0.396088004112244 0.447035014629364 0.278187990188599 0.211043000221252 0.164167001843452 0.185262992978096 0.152202993631363 0.165197998285294 0.186645001173019 0.22375500202179 0.262679994106293 0.319065988063812 0.429544001817703 0.418251991271973 0.522022008895874 0.518566012382507 0.503301024436951 0.503351986408234 0.514876008033752 0.538854002952576 0.562485992908478 0.579968988895416 0.61742502450943 0.635399997234344 0.493829011917114 0.414252996444702 0.436928004026413 0.454811990261078 0.443724989891052
0.709383010864258 0.672124028205872 0.701355993747711 0.735104978084564 0.719864010810852 0.736600995063782 0.720115005970001 0.728528022766113 0.594999015331268 0.501473009586334 0.473627001047134 0.458615988492966 0.586494028568268 0.521480023860931 0.583374977111816 0.364196985960007 0.384274005889893 0.359115988016129 0.280532985925674 0.214581996202469 0.243814006447792 0.220598995685577 0.246070995926857 0.243697002530098 0.171124994754791 0.186994001269341 0.209000006318092 0.235745996236801 0.279917985200882 0.327071011066437 0.431120991706848 0.496701002120972 0.517876029014587 0.519728004932404 0.507706999778748 0.502628028392792 0.522240996360779 0.535977005958557 0.521910011768341 0.575309991836548 0.618827998638153 0.626443028450012 0.532842993736267 0.401791006326675 0.432392001152039 0.459769010543823 0.423094987869263
0.680785000324249 0.691484987735748 0.712463021278381 0.678762018680573 0.715394973754883 0.721880972385406 0.728983998298645 0.657154023647308 0.669772028923035 0.447472006082535 0.495097994804382 0.55664998292923 0.416420996189117 0.437653005123138 0.44463899731636 0.331479012966156 0.271952003240585 0.303366988897324 0.230764999985695 0.222865998744965 0.198572993278503 0.185755997896194 0.186150997877121 0.177193000912666 0.181851997971535 0.204750001430511 0.228878006339073 0.259052991867065 0.289889991283417 0.338164001703262 0.431441992521286 0.484115988016129 0.501838028430939 0.508346021175385 0.488804996013641 0.512365996837616 0.525277018547058 0.541096985340118 0.559545993804932 0.56937700510025 0.625617980957031 0.583281993865967 0.463544994592667 0.42849200963974 0.43776598572731 0.422075003385544 0.394115000963211
0.663312971591949 0.708060026168823 0.643377006053925 0.720587015151978 0.7151859998703 0.70566600561142 0.705425977706909 0.670732021331787 0.656117975711823 0.442036002874374 0.480809986591339 0.411330997943878 0.415986001491547 0.395940989255905 0.446938991546631 0.41687598824501 0.264196991920471 0.248366996645927 0.244623005390167 0.234108000993729 0.218933999538422 0.214344993233681 0.216505005955696 0.21382300555706 0.222711995244026 0.252306014299393 0.266671985387802 0.289020001888275 0.314951986074448 0.351503014564514 0.410782009363174 0.45695298910141 0.492808997631073 0.492729008197784 0.506265997886658 0.522619009017944 0.524339973926544 0.534793972969055 0.544981002807617 0.578118026256561 0.615642011165619 0.53226900100708 0.468685001134872 0.425215005874634 0.42857900261879 0.408818006515503 0.364318996667862
0.686061978340149 0.673470973968506 0.709353983402252 0.715035021305084 0.684333026409149 0.630999982357025 0.663675010204315 0.524201989173889 0.486961007118225 0.646538972854614 0.387244999408722 0.356501013040543 0.365732997655869 0.353408008813858 0.334874987602234 0.302666008472443 0.275581985712051 0.263541013002396 0.249641001224518 0.229837998747826 0.232069000601768 0.230955004692078 0.23411799967289 0.239333003759384 0.246009007096291 0.256729006767273 0.280324995517731 0.298689007759094 0.293080002069473 0.340514004230499 0.378412008285522 0.439253985881805 0.488555997610092 0.494028002023697 0.497920989990234 0.514468014240265 0.527297973632812 0.53015798330307 0.556578993797302 0.568547010421753 0.62116801738739 0.579029977321625 0.406765997409821 0.433438003063202 0.431311994791031 0.430521994829178 0.355062991380692
