Sp_maps/Fauna_Cerrado/Lycalopex_vetulus.asc
NCOLS 186 
NROWS 224 
XLLCORNER -60.109416846 
YLLCORNER -24.68462619 
CELLSIZE 0.1 
NODATA_value -3.4e+38 
[rows 160 to 179 of 224, columns 94 to 140 of 186]
0.504410982131958 0.518872976303101 0.529017984867096 -3.4e+38 -3.4e+38 -3.4e+38 0.439635008573532 0.359310001134872 0.346679985523224 0.350198000669479 -3.4e+38 -3.4e+38 0.35648500919342 0.350407004356384 0.293029993772507 -3.4e+38 -3.4e+38 -3.4e+38 -3.4e+38 -3.4e+38 -3.4e+38 -3.4e+38 -3.4e+38 -3.4e+38 -3.4e+38 0.756079971790314 0.8262580037117 0.850534975528717 0.841010987758636 0.836494982242584 -3.4e+38 0.851280987262726 0.85553902387619 0.839789986610413 0.836336016654968 0.861007988452911 0.86515998840332 0.859326004981995 0.863708019256592 0.867465972900391 0.859423995018005 0.842202007770538 0.806281983852386 0.800216019153595 0.764703989028931 0.749278008937836 0.735616981983185
0.475232005119324 -3.4e+38 -3.4e+38 -3.4e+38 -3.4e+38 -3.4e+38 -3.4e+38 0.422657012939453 0.346828997135162 0.350896000862122 -3.4e+38 -3.4e+38 0.31913098692894 0.328756988048553 0.276279002428055 -3.4e+38 -3.4e+38 -3.4e+38 0.608577013015747 -3.4e+38 -3.4e+38 -3.4e+38 0.670439004898071 0.613672971725464 0.784605979919434 0.791088998317719 -3.4e+38 0.810943007469177 -3.4e+38 -3.4e+38 0.857446014881134 0.871955990791321 0.857522010803223 0.834282994270325 0.837487995624542 0.869943022727966 0.865625023841858 0.871129989624023 0.863852977752686 0.854453980922699 0.874873995780945 0.865792989730835 0.836564004421234 0.812011003494263 0.778732001781464 0.748036980628967 0.733211994171143
0.458712995052338 -3.4e+38 -3.4e+38 -3.4e+38 -3.4e+38 -3.4e+38 -3.4e+38 -3.4e+38 -3.4e+38 -3.4e+38 -3.4e+38 -3.4e+38 0.339130997657776 0.300054997205734 -3.4e+38 -3.4e+38 -3.4e+38 0.617447972297668 -3.4e+38 -3.4e+38 0.647637009620667 -3.4e+38 -3.4e+38 -3.4e+38 0.775556027889252 0.826804995536804 0.856061995029449 0.868547976016998 0.854920029640198 0.842974007129669 0.85216498374939 0.85494202375412 0.849276006221771 0.854124009609222 0.853910028934479 0.84721702337265 0.857179999351501 0.844790995121002 0.843110024929047 0.85912698507309 0.865365982055664 0.874967992305756 0.822704970836639 0.790265023708344 0.76144802570343 0.736317992210388 0.718169987201691
0.440959990024567 0.43317699432373 -3.4e+38 -3.4e+38 -3.4e+38 -3.4e+38 -3.4e+38 -3.4e+38 -3.4e+38 -3.4e+38 0.404767006635666 0.388015002012253 -3.4e+38 -3.4e+38 -3.4e+38 -3.4e+38 0.596719026565552 0.583945989608765 0.592029988765717 0.604597985744476 0.685482978820801 0.685492992401123 -3.4e+38 -3.4e+38 -3.4e+38 0.839609980583191 0.859055995941162 0.816869974136353 0.82728898525238 0.860530972480774 0.856287002563477 0.829559028148651 0.847369015216827 0.848981976509094 0.847441971302032 0.835080027580261 0.849969983100891 0.861670017242432 0.837992012500763 0.841597974300385 0.86098301410675 0.852998971939087 0.842387974262238 0.768947005271912 0.760281980037689 0.745644986629486 0.7291100025177
-3.4e+38 -3.4e+38 -3.4e+38 -3.4e+38 -3.4e+38 -3.4e+38 0.415051996707916 -3.4e+38 -3.4e+38 0.42246600985527 0.420307993888855 0.40862700343132 0.396319001913071 -3.4e+38 -3.4e+38 0.602688014507294 0.593801021575928 0.576813995838165 0.582327008247375 0.606733977794647 0.665960013866425 0.718074977397919 0.701306998729706 0.754364013671875 0.727114975452423 -3.4e+38 -3.4e+38 0.812904000282288 0.827355027198792 0.812699019908905 0.839605987071991 0.817288994789124 0.815825998783112 0.828665018081665 0.83779102563858 0.833822011947632 0.866405010223389 0.858906984329224 0.837670028209686 0.846083998680115 0.850435972213745 0.836313009262085 0.828401982784271 0.770006000995636 0.745617985725403 0.739250004291534 0.726076006889343
-3.4e+38 -3.4e+38 -3.4e+38 -3.4e+38 -3.4e+38 0.421781986951828 0.421938985586166 -3.4e+38 -3.4e+38 0.398019999265671 -3.4e+38 -3.4e+38 0.37797999382019 -3.4e+38 0.485720992088318 0.601574003696442 0.579052984714508 0.564256012439728 0.57533597946167 0.608335971832275 0.6579549908638 0.698909997940063 0.688087999820709 0.740776002407074 0.787760972976685 0.788083970546722 -3.4e+38 -3.4e+38 0.806733012199402 0.802537024021149 0.814734995365143 0.799475014209747 0.7916139960289 0.80459600687027 0.813372015953064 0.814417004585266 0.814590990543365 0.858381986618042 0.857787013053894 0.848631024360657 0.828586995601654 0.819185972213745 0.805209994316101 0.75426197052002 0.74796599149704 0.72563898563385 0.71527898311615
-3.4e+38 -3.4e+38 -3.4e+38 -3.4e+38 0.40480300784111 0.408594995737076 0.409823000431061 0.403663009405136 -3.4e+38 0.38900101184845 0.393649011850357 0.377911001443863 0.347882986068726 0.320257008075714 -3.4e+38 -3.4e+38 0.584119021892548 0.560386002063751 0.570277988910675 0.593717992305756 0.617483973503113 0.650807976722717 0.662645995616913 0.73234099149704 0.756124019622803 0.794734001159668 0.795903027057648 -3.4e+38 0.794600009918213 0.791463971138 0.810707986354828 0.795287013053894 0.783127009868622 0.790153980255127 0.804745018482208 0.832678020000458 0.816447019577026 0.846677005290985 0.848726987838745 0.840102970600128 0.799449980258942 0.796312987804413 0.782648026943207 0.769639015197754 0.768221974372864 0.717182993888855 0.707255005836487
-3.4e+38 -3.4e+38 -3.4e+38 -3.4e+38 0.361113995313644 0.396836996078491 0.414510011672974 0.417463004589081 0.41040900349617 0.383073002099991 0.370671004056931 0.373486995697021 0.355621010065079 0.412427991628647 0.606045007705688 0.587853014469147 0.570702016353607 0.57192999124527 0.584649980068207 0.599924981594086 0.615620017051697 0.62934798002243 0.672173023223877 0.75103098154068 0.797610998153687 0.790437996387482 0.818215012550354 0.796257972717285 0.842763006687164 0.819503009319305 0.784330010414124 0.816275000572205 0.820012986660004 0.803996026515961 0.831372976303101 0.844219982624054 0.811870992183685 0.79509699344635 0.821350991725922 0.816448986530304 0.815729975700378 0.777800977230072 0.772128999233246 0.776319026947021 0.773181021213531 0.741770029067993 0.70856100320816
-3.4e+38 -3.4e+38 0.326754003763199 0.322517991065979 0.34764701128006 0.365738987922668 0.394690990447998 0.377927988767624 0.385033994913101 0.382914990186691 0.461932986974716 0.339673012495041 0.482612997293472 0.547217011451721 0.598461985588074 0.577104985713959 0.577130973339081 0.579056978225708 0.600830972194672 0.593460023403168 0.609915018081665 0.642293989658356 0.681097984313965 0.726842999458313 0.718890011310577 0.740644991397858 0.745312988758087 0.76029098033905 0.819243013858795 0.780396997928619 0.845201015472412 0.820230007171631 0.81303197145462 0.829653024673462 0.831303000450134 0.843861997127533 0.833314001560211 0.813188016414642 0.769299983978271 0.772251009941101 0.741886019706726 0.730767011642456 0.722981989383698 0.707953989505768 0.701273024082184 0.682168006896973 0.670199990272522
-3.4e+38 -3.4e+38 0.298366993665695 0.311944007873535 0.321518987417221 0.405640989542007 0.496250987052917 0.497824013233185 0.496574014425278 0.430994987487793 0.426697999238968 0.407258003950119 0.627894997596741 0.605237007141113 0.60123997926712 0.579675018787384 0.575452983379364 0.58159202337265 0.588757991790771 0.594745993614197 0.616746008396149 0.615621984004974 0.642952024936676 0.696731984615326 0.727823972702026 0.744032025337219 0.749433994293213 0.74854701757431 0.786042988300323 0.780519008636475 0.832644999027252 0.797097027301788 0.793972015380859 0.782685995101929 0.793545007705688 0.822230994701385 0.832047998905182 0.810078978538513 0.794485986232758 0.775260984897614 0.741559028625488 0.722581028938293 0.707315981388092 0.686302006244659 0.677442014217377 0.66695100069046 0.667662978172302
-3.4e+38 -3.4e+38 0.283349007368088 0.304675996303558 0.446534991264343 0.50755500793457 0.514554023742676 0.393148988485336 0.475596994161606 0.508929014205933 0.590059995651245 0.5832200050354 0.550634026527405 0.580937027931213 0.581061005592346 0.58356100320816 0.579970002174377 0.573859989643097 0.592283010482788 0.597926020622253 0.600350975990295 0.63324099779129 0.652706980705261 0.689962029457092 0.679723978042603 0.723080992698669 0.729735970497131 0.766848981380463 0.769056022167206 0.772008001804352 0.833432018756866 0.788519978523254 0.81106299161911 0.772294998168945 0.794757008552551 0.823086977005005 0.789049029350281 0.772993981838226 0.752884984016418 0.739274024963379 0.750719010829926 0.697910010814667 0.685684025287628 0.673952996730804 0.660331010818481 0.652841985225677 0.663272023200989
-3.4e+38 -3.4e+38 0.45890998840332 0.486447989940643 0.556744992733002 0.510389983654022 0.545626997947693 0.547194004058838 0.565486013889313 0.579827010631561 0.58254599571228 0.582132995128632 0.536719977855682 0.602950990200043 0.595623016357422 0.579065024852753 0.607285022735596 0.576242029666901 0.581972002983093 0.613867998123169 0.603058993816376 0.621127009391785 0.659830987453461 0.670620977878571 0.675320982933044 0.696084976196289 0.712280988693237 0.752798020839691 0.769248008728027 0.783707022666931 0.810429990291595 0.846720993518829 0.830196022987366 0.83925199508667 0.817714989185333 0.797272980213165 0.81623101234436 0.804464995861053 0.745957016944885 0.722908020019531 0.715106010437012 0.705497980117798 0.673699975013733 0.656531989574432 0.642313003540039 0.642450988292694 0.651068985462189
-3.4e+38 0.49049299955368 0.499208986759186 0.539830029010773 0.507170021533966 0.540471017360687 0.564531981945038 0.52845299243927 0.554461002349854 -3.4e+38 -3.4e+38 0.521619021892548 0.560141980648041 0.581974029541016 0.582669973373413 0.591147005558014 0.594449996948242 0.584379017353058 0.595520973205566 0.602256000041962 0.611057996749878 0.618597984313965 0.624527990818024 0.682590007781982 0.701686978340149 0.696457982063293 0.734502017498016 0.743824005126953 0.773705005645752 0.769908010959625 0.780354022979736 0.796514987945557 0.824681997299194 0.859660029411316 0.827077984809875 0.809763014316559 0.811811983585358 0.826664984226227 0.777283012866974 0.740660011768341 0.695613026618958 0.675925016403198 0.669125020503998 0.65473198890686 0.636121988296509 0.614585995674133 0.640808999538422
0.513135015964508 0.52777099609375 0.553790986537933 0.528469979763031 0.553252995014191 0.520918011665344 0.554597973823547 0.567623972892761 0.500648021697998 0.528707981109619 0.514936983585358 -3.4e+38 0.5191810131073 0.586392998695374 0.537775993347168 0.565168976783752 0.58423900604248 0.585907995700836 0.59824001789093 0.589763998985291 0.606090009212494 0.619576990604401 0.656549990177155 0.641995012760162 0.65489399433136 0.657849013805389 0.71910697221756 0.710536003112793 0.785296022891998 0.784381985664368 0.841745972633362 0.832718014717102 0.835274994373322 0.823342978954315 0.83984100818634 0.853606998920441 0.86420601606369 0.855893015861511 0.804699003696442 0.786930978298187 0.698126971721649 0.655353009700775 0.687931001186371 0.676084995269775 0.644764006137848 0.618201971054077 0.60650897026062
0.525479018688202 0.532348990440369 -3.4e+38 -3.4e+38 -3.4e+38 -3.4e+38 0.531669974327087 0.551961004734039 0.468616992235184 0.479093998670578 -3.4e+38 -3.4e+38 0.531857013702393 0.583388984203339 0.566017985343933 0.584810018539429 0.593231976032257 0.575810015201569 0.58984500169754 0.586965024471283 0.588971018791199 0.630563974380493 0.627828001976013 0.630307972431183 0.654932975769043 0.665504992008209 0.686847984790802 0.727414011955261 0.775021016597748 0.80246102809906 0.841898024082184 0.850310027599335 0.830462992191315 0.832381010055542 0.842712998390198 0.856234014034271 0.87552797794342 0.854083001613617 0.785817980766296 0.734072029590607 0.757449984550476 0.702987015247345 0.699429988861084 0.692119002342224 0.660354971885681 0.593451976776123 0.594496011734009
-3.4e+38 -3.4e+38 -3.4e+38 -3.4e+38 -3.4e+38 -3.4e+38 -3.4e+38 -3.4e+38 0.458481997251511 -3.4e+38 -3.4e+38 -3.4e+38 0.540804028511047 -3.4e+38 0.567898988723755 0.568476021289825 0.582907974720001 0.566551983356476 0.581414997577667 0.587264001369476 0.591920018196106 0.603488981723785 0.595541000366211 0.633359014987946 0.629335999488831 0.646561026573181 0.666872978210449 0.598468005657196 0.75745701789856 0.753069996833801 0.81370997428894 0.856405973434448 0.87688797712326 0.823850989341736 0.84155797958374 0.826252996921539 0.888406991958618 0.802199006080627 0.777841985225677 0.696969985961914 0.70659202337265 0.68403297662735 0.660420000553131 0.607172012329102 0.674542009830475 0.601652979850769 0.546151995658875
-3.4e+38 -3.4e+38 -3.4e+38 -3.4e+38 -3.4e+38 -3.4e+38 -3.4e+38 -3.4e+38 -3.4e+38 -3.4e+38 -3.4e+38 -3.4e+38 -3.4e+38 -3.4e+38 0.534602999687195 0.549610018730164 0.564185976982117 0.569338977336884 0.589363992214203 0.597630977630615 0.579768002033234 0.578683018684387 0.597099006175995 0.641134977340698 0.638670980930328 0.651642024517059 0.659224987030029 0.683629989624023 0.719262003898621 0.76826399564743 0.796028971672058 0.806576013565063 0.841588020324707 0.864719986915588 0.839914977550507 0.853796005249023 0.876914024353027 0.850745022296906 0.772396981716156 0.742182016372681 0.68332701921463 0.666676998138428 0.651148021221161 0.65013599395752 0.645722985267639 0.538129985332489 0.527556002140045
-3.4e+38 -3.4e+38 -3.4e+38 -3.4e+38 -3.4e+38 -3.4e+38 -3.4e+38 -3.4e+38 -3.4e+38 -3.4e+38 -3.4e+38 -3.4e+38 -3.4e+38 -3.4e+38 0.513028025627136 0.564819991588593 0.575542986392975 0.563010990619659 0.564382970333099 0.578184008598328 0.568590998649597 0.581902980804443 0.594337999820709 0.639267981052399 0.635987997055054 0.673564016819 0.693112015724182 0.687227010726929 0.772553026676178 0.796808004379272 0.794535994529724 0.808010995388031 0.830547988414764 0.874705970287323 0.85400801897049 0.840295016765594 0.857281029224396 0.843913972377777 0.81633198261261 0.759773015975952 0.741627991199493 0.625316023826599 0.670670986175537 0.568570017814636 0.528756976127625 0.521681010723114 0.498748987913132
-3.4e+38 -3.4e+38 -3.4e+38 -3.4e+38 -3.4e+38 -3.4e+38 -3.4e+38 -3.4e+38 0.484834998846054 -3.4e+38 -3.4e+38 -3.4e+38 -3.4e+38 -3.4e+38 0.56623101234436 0.568325996398926 0.558050990104675 0.596368014812469 0.551573991775513 0.584325015544891 0.577844977378845 0.584640026092529 0.601427972316742 0.651405990123749 0.67119300365448 0.701336026191711 0.71638298034668 0.771314024925232 0.811161994934082 0.865942001342773 0.920249998569489 0.918955028057098 0.91814398765564 0.909247994422913 0.862553000450134 0.898853003978729 0.867443025112152 0.840991020202637 0.783614993095398 0.795454025268555 0.663654983043671 0.651242017745972 0.581624984741211 0.470636010169983 0.457394003868103 0.487100005149841 0.465665996074677
-3.4e+38 -3.4e+38 -3.4e+38 -3.4e+38 -3.4e+38 -3.4e+38 -3.4e+38 -3.4e+38 0.507901012897491 0.486216992139816 0.506213009357452 -3.4e+38 -3.4e+38 -3.4e+38 0.561528980731964 0.524562001228333 -3.4e+38 0.602805972099304 0.576538026332855 0.589205026626587 0.584115028381348 0.602190017700195 0.607608020305634 0.657218992710114 0.696071028709412 0.722195029258728 0.741540014743805 0.783290028572083 0.82971602678299 0.868399024009705 0.924333989620209 0.90320897102356 0.901288986206055 0.914209008216858 0.904446005821228 0.886255979537964 0.846644997596741 0.772763013839722 0.620307981967926 0.671446025371552 0.716738998889923 0.743458986282349 0.702444016933441 0.504868984222412 0.498434007167816 0.451822012662888 0.463948011398315
