Sp_maps/Fauna_Cerrado/Lycalopex_vetulus.asc
NCOLS 186 
NROWS 224 
XLLCORNER -60.109416846 
YLLCORNER -24.68462619 
CELLSIZE 0.1 
NODATA_value -3.4e+38 
[rows 140 to 159 of 224, columns 94 to 140 of 186]
0.362477988004684 0.367574006319046 0.362791001796722 0.379467010498047 0.390644997358322 0.408392995595932 0.424457997083664 0.418527990579605 0.439473003149033 0.439332008361816 0.447879999876022 0.42849799990654 0.434318989515305 0.509139001369476 0.487782001495361 0.512947976589203 0.510435998439789 0.584034025669098 0.662895977497101 0.654452979564667 0.633421003818512 0.642059981822968 0.668012022972107 0.582417011260986 0.542312979698181 0.485929012298584 0.44564300775528 0.385015994310379 0.343488991260529 0.292266994714737 0.303443998098373 0.318738996982574 0.33390998840332 0.468180000782013 0.477761000394821 0.559607982635498 0.573296010494232 0.594552993774414 0.572373986244202 0.555751025676727 0.596361994743347 0.618277013301849 0.49448698759079 0.435216993093491 0.368883013725281 0.392731994390488 0.374049007892609
0.353982001543045 0.357371002435684 0.359016001224518 0.377104014158249 0.378926992416382 0.395682007074356 0.413379013538361 0.39936700463295 0.409817010164261 0.412164002656937 0.415675014257431 0.411204010248184 0.394066989421844 0.423927992582321 0.471017003059387 0.488045006990433 0.47359499335289 0.492139011621475 0.646938979625702 0.630708992481232 0.613955020904541 0.608868002891541 0.59401798248291 0.594668984413147 0.543317019939423 0.425922989845276 0.400635004043579 0.347528994083405 0.319595992565155 0.298581004142761 0.285643994808197 0.314065009355545 0.336843997240067 0.494980007410049 0.383531004190445 0.448478996753693 0.473194003105164 0.525444984436035 0.6146479845047 0.577960014343262 0.518122971057892 0.624490976333618 0.470362991094589 0.49447700381279 0.425534009933472 0.393238991498947 0.328011989593506
0.339570999145508 0.340932995080948 0.344390988349915 0.352407991886139 0.354483991861343 0.374859988689423 0.382847994565964 0.376076996326447 0.384270995855331 0.383890986442566 0.382889002561569 0.383038997650146 0.37772399187088 0.354018002748489 0.397989004850388 0.435912996530533 0.433580011129379 0.638745009899139 0.615971028804779 0.603447020053864 0.582898020744324 0.592352986335754 0.573675990104675 0.559818983078003 0.532742023468018 0.411765992641449 0.381745994091034 0.350149005651474 0.29849299788475 0.293018013238907 0.274762988090515 0.282705992460251 0.307925999164581 0.525161027908325 0.518119990825653 0.529434025287628 0.477883994579315 0.617380023002625 0.604712009429932 0.632094979286194 0.622382998466492 0.605722010135651 0.591386020183563 0.539449989795685 0.426818013191223 0.399576991796494 0.319909989833832
0.327899008989334 0.324669003486633 0.315782010555267 0.328397005796432 0.326137006282806 0.346518993377686 0.311042010784149 0.336843997240067 0.320845991373062 0.328422993421555 0.330967009067535 0.334953010082245 0.326819986104965 0.365543991327286 0.376370012760162 0.469972997903824 0.536382019519806 0.595619022846222 0.554239988327026 0.544327974319458 0.536109983921051 0.524260997772217 0.501625001430511 0.43783500790596 0.407541990280151 0.371040999889374 0.347972989082336 0.306293994188309 0.284451007843018 0.276158004999161 0.296220988035202 0.300624996423721 0.282027989625931 0.41313299536705 0.507990002632141 0.519501984119415 0.437065005302429 0.540423989295959 0.5764120221138 0.582575976848602 0.590653002262115 0.59281998872757 0.587390005588531 0.567391991615295 0.516220986843109 0.454876989126205 0.53526097536087
0.303716003894806 0.314345985651016 0.309859991073608 0.317268013954163 0.314040988683701 0.32337498664856 0.322636008262634 0.323904991149902 0.313158988952637 0.301593005657196 0.312018990516663 0.299713999032974 0.29815199971199 0.277226001024246 0.444061011075974 0.576986014842987 0.569131016731262 0.562398016452789 0.537276983261108 0.540988981723785 0.505654990673065 0.491865992546082 0.46424201130867 0.412862986326218 0.376742005348206 0.365500003099442 0.314722001552582 0.293036997318268 0.329948008060455 0.287234008312225 0.300621002912521 0.298824995756149 0.342204004526138 0.340523988008499 0.537050008773804 0.494513005018234 0.472844004631042 0.538779020309448 0.57041198015213 0.583654999732971 0.577111005783081 0.58202600479126 0.581121027469635 0.568754971027374 0.551599979400635 0.536122977733612 0.495267987251282
0.294903010129929 0.304120004177094 0.316210001707077 0.297136008739471 0.301490008831024 0.301032990217209 0.293761998414993 0.288221001625061 0.286803990602493 0.282977998256683 0.279644995927811 0.275932997465134 0.277262002229691 0.347844004631042 0.452731013298035 0.47079199552536 0.535412013530731 0.529150009155273 0.504785001277924 0.513674974441528 0.478902995586395 0.456854999065399 0.420850992202759 0.371798008680344 0.34749498963356 0.329594999551773 0.293954998254776 0.290578007698059 0.251814007759094 0.26808500289917 0.294528007507324 0.277815014123917 0.31878998875618 0.443796992301941 0.467171996831894 0.46484100818634 0.530296981334686 0.525723993778229 0.529408991336823 0.552681028842926 0.56786698102951 0.577567994594574 0.585012018680573 0.571740984916687 0.563224971294403 0.55860298871994 0.55000102519989
0.279909014701843 0.29483100771904 0.304085999727249 0.284357011318207 0.297253996133804 0.289429008960724 0.278154999017715 0.285457998514175 0.266871988773346 0.268743008375168 0.210485994815826 0.260497987270355 0.256480991840363 0.388875007629395 0.34578400850296 0.536963999271393 0.5069779753685 0.51078999042511 0.47129699587822 0.452903002500534 0.451027989387512 0.423114001750946 0.391324013471603 0.343798995018005 0.307583004236221 0.288762003183365 0.270211011171341 0.263875991106033 0.242257997393608 0.255775988101959 0.256805002689362 0.308878988027573 0.411653012037277 0.489713996648788 0.446372002363205 0.499457001686096 0.511524021625519 0.481979012489319 0.502368986606598 0.530017018318176 0.565519988536835 0.57819801568985 0.591152012348175 0.58441698551178 0.582817018032074 0.565598011016846 0.564926981925964
0.276941001415253 0.281064987182617 0.283069998025894 0.274693012237549 0.284211009740829 0.271077007055283 0.273414999246597 0.259842991828918 0.262322992086411 0.252701014280319 0.25552499294281 0.206033006310463 0.289106994867325 0.267441004514694 0.482708990573883 0.512565970420837 0.485163986682892 0.473102986812592 0.44361799955368 0.42128598690033 0.395164012908936 0.379934012889862 0.369911998510361 0.305875986814499 0.284123986959457 0.249262005090714 0.241249993443489 0.233750998973846 0.241769999265671 0.291202992200851 0.242635995149612 0.296427994966507 0.368270993232727 0.457852989435196 0.489731997251511 0.493665009737015 0.473940998315811 0.467251002788544 0.470043003559113 0.518498003482819 0.564189016819 0.588078022003174 0.610412001609802 0.60446697473526 0.597862005233765 0.580980002880096 0.574422001838684
0.255627989768982 0.253300994634628 0.257017999887466 0.245535001158714 0.247929006814957 0.244666993618011 0.240265995264053 0.237523004412651 0.233376994729042 0.217846006155014 0.20362700521946 0.259187012910843 0.311942011117935 0.421061992645264 0.449081003665924 0.449113011360168 0.426966995000839 0.409148007631302 0.383062988519669 0.359533995389938 0.305447995662689 0.288662999868393 0.277577996253967 0.236827999353409 0.200097993016243 0.19692200422287 0.193663001060486 0.183138996362686 0.225780993700027 0.232907995581627 0.237310007214546 0.408526003360748 0.381675988435745 0.489484995603561 0.4896360039711 0.452556014060974 0.426339000463486 0.359369993209839 0.397009998559952 0.497480005025864 0.583094000816345 0.620869994163513 0.64819997549057 0.644442021846771 0.622619986534119 0.623212993144989 0.619964003562927
0.246323004364967 0.248223006725311 0.249697998166084 0.246363997459412 0.233743995428085 0.234832003712654 0.228337004780769 0.223296001553535 0.222693994641304 0.258221000432968 0.355623990297318 0.240370005369186 0.414682000875473 0.383298009634018 0.413884997367859 0.41184601187706 0.406727999448776 0.397289007902145 0.348699003458023 0.325709998607635 0.291864991188049 0.25254699587822 0.243420004844666 0.190080001950264 0.173246994614601 0.166183993220329 0.160540997982025 0.203769996762276 0.226871997117996 0.242590993642807 0.304053008556366 0.308017998933792 0.35138601064682 0.495099008083344 0.515978991985321 0.454656004905701 0.453601986169815 0.436803996562958 0.446202993392944 0.543159008026123 0.61719799041748 0.651979982852936 0.674610018730164 0.653728008270264 0.644442975521088 0.640892028808594 0.654461979866028
0.296213001012802 0.228469997644424 0.235191002488136 0.2863430082798 0.226456999778748 0.218656003475189 0.219108000397682 0.216479003429413 0.207239001989365 0.303211003541946 0.339751988649368 0.350051999092102 0.288361996412277 0.418404012918472 0.389878004789352 0.392913997173309 0.399890005588531 0.366448998451233 0.31572100520134 0.291669011116028 0.270265996456146 0.226982995867729 0.184267997741699 0.158441007137299 0.142840996384621 0.145640000700951 0.156452000141144 0.185891002416611 0.227772995829582 0.242727994918823 0.257575988769531 0.432787001132965 0.446135997772217 0.538935005664825 0.546203017234802 0.535977005958557 0.492814987897873 0.507598996162415 0.544026970863342 0.594963014125824 0.649250984191895 0.672980010509491 0.677105009555817 0.667285025119781 0.658248007297516 0.643108010292053 0.638352990150452
0.237124994397163 0.232834994792938 0.230540007352829 0.222472995519638 0.217715993523598 0.212329000234604 0.205551996827126 0.206965997815132 0.246592000126839 0.405739992856979 0.342011988162994 0.325679004192352 0.283531010150909 0.40056300163269 0.399951010942459 0.395096987485886 0.384290993213654 0.349081993103027 0.300024002790451 0.262389004230499 0.242985993623734 0.208248004317284 0.13000699877739 0.138538002967834 0.124452002346516 0.131174996495247 0.153942003846169 0.179749995470047 0.221370995044708 0.217173993587494 0.325210988521576 0.465250998735428 0.533163011074066 0.552253007888794 0.577337026596069 0.591872990131378 0.552731990814209 0.566289007663727 0.600152015686035 0.6421759724617 0.678045988082886 0.680922985076904 0.697719991207123 0.671707987785339 0.668411016464233 0.656500995159149 0.646466016769409
0.28982400894165 0.229861006140709 0.275628000497818 0.217605993151665 0.211161002516747 0.250732988119125 0.195816993713379 0.358328014612198 0.345894992351532 0.325760006904602 0.379357010126114 0.368259012699127 0.386945992708206 0.396602004766464 0.384494006633759 0.370122998952866 0.359189003705978 0.329849004745483 0.293453991413116 0.25552499294281 0.224843993782997 0.199572995305061 0.136175006628036 0.128437995910645 0.103131003677845 0.118110001087189 0.0682713985443115 0.103219002485275 0.149930998682976 0.227483004331589 0.400810986757278 0.503539979457855 0.459576994180679 0.56332802772522 0.594807982444763 0.608712017536163 0.621290028095245 0.606835007667542 0.640568017959595 0.669131994247437 0.686546981334686 0.695134997367859 0.698876023292542 0.677590012550354 0.674127995967865 0.66984498500824 0.665359020233154
0.426860004663467 0.476417005062103 0.462655991315842 0.432700991630554 0.247015997767448 0.297607988119125 0.339103996753693 0.339610993862152 0.397413998842239 0.378439992666245 0.360323995351791 0.370027005672455 0.342000991106033 0.411890000104904 0.378374010324478 0.376464009284973 0.349642992019653 0.337141990661621 0.253250986337662 0.209382995963097 0.203926995396614 0.185078993439674 0.17077699303627 0.122005000710487 0.112534001469612 0.0674619004130363 0.1059779971838 0.090304397046566 0.23089200258255 0.22647599875927 0.415769994258881 0.504391014575958 0.466376006603241 0.652050018310547 0.661789000034332 0.618174016475677 0.662043988704681 0.675041019916534 0.706376016139984 0.731591999530792 0.727889001369476 0.706399023532867 0.708307981491089 0.691395998001099 0.702054977416992 0.728716015815735 0.705488979816437
0.427837997674942 0.483469992876053 0.403867989778519 0.366104990243912 0.352941989898682 0.350854992866516 0.404945999383926 0.393388986587524 0.393795013427734 0.406361997127533 0.392545998096466 0.378190994262695 0.362581998109818 0.373760014772415 0.407719999551773 0.363498985767365 0.335234999656677 0.319575011730194 0.239023998379707 0.207989007234573 0.237650007009506 0.194006994366646 0.191200003027916 0.144938006997108 0.133044004440308 0.106637001037598 0.139457002282143 0.192711994051933 0.298776000738144 0.347249001264572 0.523172974586487 0.515672028064728 0.6875 0.69979202747345 0.701394975185394 0.733690977096558 0.720529019832611 0.709128022193909 0.740146994590759 0.750316023826599 0.734112977981567 0.722196996212006 0.71508800983429 0.698759019374847 0.724349021911621 0.754199028015137 0.729483008384705
0.484908014535904 0.475120007991791 0.44769498705864 0.427359998226166 0.397264003753662 0.409498989582062 0.406610995531082 0.386752009391785 0.342092990875244 0.316619992256165 0.38985800743103 0.350488990545273 0.37006801366806 0.40293100476265 0.399978995323181 0.378809988498688 0.32278299331665 0.306515008211136 0.252252012491226 0.234071999788284 0.228440999984741 0.237372994422913 0.210932999849319 0.192818999290466 0.194158002734184 0.196377992630005 0.214726999402046 0.275251001119614 0.385803997516632 0.495402991771698 0.639425992965698 0.676163017749786 0.730189979076385 0.735450983047485 0.757688999176025 0.770437002182007 0.755741000175476 0.737167000770569 0.775891005992889 0.762178003787994 0.737031996250153 0.744996011257172 0.740669012069702 0.736055016517639 0.731441020965576 0.751272976398468 0.73456597328186
0.485897988080978 0.473987013101578 0.445390999317169 0.401111006736755 0.405371010303497 0.406284004449844 0.378949999809265 0.389081001281738 0.376453012228012 0.375324010848999 0.358761996030807 0.32354599237442 0.372920989990234 0.402496993541718 0.389970004558563 0.369812995195389 0.321768999099731 0.30333200097084 -3.4e+38 0.262612998485565 0.252837002277374 0.262555986642838 0.259232014417648 0.25646099448204 0.264135986566544 0.270092993974686 0.316639989614487 0.362506985664368 0.457231998443604 0.492063999176025 0.671765983104706 0.728977024555206 0.760771989822388 0.774173021316528 0.772682011127472 0.794740974903107 0.771668970584869 0.777656972408295 0.775936007499695 0.752344012260437 0.754459023475647 0.76832902431488 0.768522977828979 0.761547982692719 0.732046008110046 0.736590981483459 0.730960011482239
0.475084990262985 0.460052013397217 0.440838992595673 0.408915013074875 0.391270011663437 0.378282994031906 0.384647011756897 0.393891006708145 0.371105998754501 0.352795988321304 0.358327001333237 0.373551994562149 0.346846014261246 0.384077996015549 0.351015001535416 -3.4e+38 0.348383992910385 -3.4e+38 -3.4e+38 -3.4e+38 0.401993006467819 0.470313012599945 0.364401996135712 0.337421000003815 0.335545986890793 0.394354999065399 0.425828009843826 0.512534022331238 0.58535897731781 0.570504009723663 0.744207978248596 0.782958984375 0.77277398109436 0.783343970775604 0.804376006126404 0.792562007904053 0.801766991615295 0.812542974948883 0.776082992553711 0.774985015392303 0.761454999446869 0.79994398355484 0.798586010932922 0.763782978057861 0.739139020442963 0.743523001670837 0.732374012470245
0.456791013479233 0.450551003217697 0.469772011041641 0.414911985397339 0.38135701417923 0.360783010721207 0.378928989171982 0.370911002159119 0.361319988965988 0.347952008247375 0.330783993005753 -3.4e+38 0.344144999980927 0.35928401350975 0.312550008296967 -3.4e+38 0.360837012529373 -3.4e+38 -3.4e+38 -3.4e+38 -3.4e+38 0.46543100476265 0.445647001266479 0.661024987697601 0.676630020141602 0.671859979629517 0.611329019069672 0.670056998729706 0.752231001853943 0.850565016269684 0.807232975959778 0.818940997123718 0.805612027645111 0.829823017120361 0.824687004089355 0.839944005012512 0.84229701757431 0.836511015892029 0.843966007232666 0.840807974338531 0.837680995464325 0.793668985366821 0.778406023979187 0.767250001430511 0.748907029628754 0.748031973838806 0.735511004924774
0.508786022663116 0.481018990278244 0.464709013700485 0.440851986408234 -3.4e+38 -3.4e+38 0.421187996864319 0.360143005847931 0.346572995185852 0.353374004364014 -3.4e+38 -3.4e+38 0.34171599149704 0.344256997108459 0.308162003755569 -3.4e+38 0.299549013376236 -3.4e+38 -3.4e+38 -3.4e+38 -3.4e+38 -3.4e+38 -3.4e+38 0.665787994861603 0.710828006267548 0.741442978382111 0.819715023040771 0.843317985534668 0.86481499671936 0.8542720079422 0.825673997402191 0.84258097410202 0.841193020343781 0.84868198633194 0.851140022277832 0.850495994091034 0.849605023860931 0.839787006378174 0.8456050157547 0.85284298658371 0.838051021099091 0.802236020565033 0.801755011081696 0.776962995529175 0.760474979877472 0.747005999088287 0.736392974853516
