extinction_pot.asc
NCOLS 186 
NROWS 224 
XLLCORNER -60.109416846 
YLLCORNER -24.68462619 
CELLSIZE 0.1 
NODATA_value -9999 
[rows 112 to 139 of 224, columns 65 to 129 of 186]
0 0 0 0 0 0 0 0 0 0 0 0 0 0 0 -9999 -9999 0 0 0 0 0 0 0 0 0 0 0 0 0 0 0 0 0 0 0 0 0 0 0 0 0 0 0 0 0 0 0 0 0 0 1.58607268920268 1.67898981996146 1.67898981996146 2.1365884168707 2.1365884168707 2.19667771219382 1.96054289954759 1.96054289954759 1.96054289954759 1.96054289954759 2.19667771219382 2.19667771219382 2.19667771219382 1.73907911528459
0 0 0 0 0.236134812646234 0.236134812646234 0.236134812646234 0.236134812646234 0.236134812646234 0.236134812646234 0.236134812646234 0.236134812646234 0.236134812646234 0.236134812646234 0.236134812646234 0 0 0 0 0 0 0 0 0 0 0 0 0 0 0 0 0 0 0 0 0 0 0 0 0 0 0 0 0 0 0 0 0 0.197562161959647 0.197562161959647 0.197562161959647 1.78363485116233 1.67898981996146 1.67898981996146 2.15812524440261 2.15812524440261 1.96054289954759 1.96054289954759 1.96054289954759 1.96054289954759 1.96054289954759 2.19667771219382 2.19667771219382 2.19667771219382 1.73907911528459
0 0 0 0 0.236134812646234 0.236134812646234 0.236134812646234 0.236134812646234 0.236134812646234 0.236134812646234 0.236134812646234 0.236134812646234 0.236134812646234 0.236134812646234 0.236134812646234 0 0 0 0 0 0 0 0 0 0 0 0 0 0 0 0 0 0 0 0 0 0 0 0 0 0 0 0 0 0 0.197562161959647 0.197562161959647 0.197562161959647 0.197562161959647 0.197562161959647 0.197562161959647 1.78363485116233 1.87655198192111 1.87655198192111 2.13422362209925 2.15812524440261 1.96054289954759 1.96054289954759 1.96054289954759 1.96054289954759 1.96054289954759 2.19667771219382 2.19667771219382 2.19667771219382 1.73907911528459
0 0 0 0 0.236134812646234 0.236134812646234 0.236134812646234 0.236134812646234 0.236134812646234 0.236134812646234 0.236134812646234 0.236134812646234 0.236134812646234 0.236134812646234 0.236134812646234 0.236134812646234 0 0 0 0 0 0 0 0 0 0 0 0 0 0 0 0 0 0 0 0 0 0 0 0 0 0 0 0 0.197562161959647 0.433696974605881 0.433696974605881 0.433696974605881 0.197562161959647 0.197562161959647 0.197562161959647 1.78363485116233 2.37904335030349 2.37904335030349 2.13422362209925 2.35568740636226 2.41577670168539 1.96054289954759 1.96054289954759 2.15335212243051 2.15335212243051 2.26935616633522 2.26935616633522 2.54459910333354 2.54459910333354
0 0 0 0 0 0 0.236134812646234 0.236134812646234 0.236134812646234 0.236134812646234 0.236134812646234 0.236134812646234 0.236134812646234 0.236134812646234 0.236134812646234 0.236134812646234 0.236134812646234 0.236134812646234 0.236134812646234 0 0 0 0 0 0 0 0 0 0 0 0 0 0 0 0 0 0 0 0 0 0 0 0 0.197562161959647 0.197562161959647 0.433696974605881 0.433696974605881 0.433696974605881 0.197562161959647 0.197562161959647 0.197562161959647 1.78363485116233 2.94206587157652 3.17820068422276 2.52274933320927 2.13422362209925 2.41577670168539 2.15810506150724 1.96054289954759 2.25923916177252 3.27542195101905 3.41424035595498 3.05636594066396 2.97179120633346 2.97179120633346
0 0 0 0 0 0 0.236134812646234 0.236134812646234 0.236134812646234 0.236134812646234 0.236134812646234 0.236134812646234 0.236134812646234 0.236134812646234 0.236134812646234 0.236134812646234 0.236134812646234 0.236134812646234 0.236134812646234 0 0 0 0 0 0 0 0 0 0 0 0 0 0 0 0 0 0 0 0 0 0 0 0.197562161959647 0.197562161959647 0.197562161959647 0.197562161959647 0.197562161959647 0.197562161959647 0.197562161959647 0.197562161959647 0.727197423117019 2.43040128661781 3.13294445051346 3.17820068422276 2.93338095601852 2.37035843474549 2.41577670168539 2.6085859245683 3.18339442096478 3.71482117995732 3.71482117995732 3.48252507923207 2.97179120633346 2.97179120633346 3.09771603151599
0 0 0 0 0 0 0.236134812646234 0.236134812646234 0.236134812646234 0.657403632226648 0.657403632226648 0.657403632226648 0.657403632226648 0.236134812646234 0.236134812646234 0.236134812646234 0.236134812646234 0.236134812646234 0.236134812646234 0 0 0 0 0 0 0 0 0 0 0 0 0 0 0 0 0 0 0 0 0 0 0.197562161959647 0.197562161959647 0.197562161959647 0.197562161959647 0.197562161959647 0.197562161959647 0.727197423117019 0.727197423117019 0.727197423117019 0.727197423117019 1.32813854069589 2.88812472230922 2.88812472230922 2.78099005755474 2.78099005755474 2.99983290547134 2.99983290547134 3.18339442096478 3.6089341406153 3.6089341406153 3.50256286507258 3.09771603151599 3.09771603151599 3.09771603151599
0 0 0 0 0 0 0.657403632226648 0.657403632226648 0.657403632226648 0.657403632226648 0.657403632226648 0.657403632226648 0.657403632226648 0.236134812646234 0.236134812646234 0.236134812646234 0.236134812646234 0.236134812646234 0.236134812646234 0 0 0 0 0 0 0 0 0 0 0 0 0 0 0 0 0 0 0 0 0 0 0.197562161959647 0.197562161959647 0.197562161959647 0.197562161959647 0.197562161959647 0.727197423117019 0.727197423117019 0.963332235763253 0.963332235763253 0.963332235763253 1.44201001037855 2.79520759155044 2.88812472230922 2.52331841737659 2.78099005755474 3.64659934092682 3.42702500847125 3.3222128259007 3.48622420334885 3.6089341406153 3.50256286507258 3.09771603151599 2.62135238424045 2.62135238424045
0 0 0 0 0 0 0.421268819580414 0.657403632226648 0.657403632226648 0.657403632226648 0.657403632226648 0.657403632226648 0.657403632226648 0.236134812646234 0.236134812646234 0 0 0 0.421268819580414 0 0 0 0 0 0 0 0 0 0 0 0 0 0 0 0 0 0 0 0 0 0 0.197562161959647 0.197562161959647 0.197562161959647 0.197562161959647 0.727197423117019 0.963332235763253 0.963332235763253 0.963332235763253 0.963332235763253 1.07720370544592 1.2295946039097 1.2295946039097 2.43040128661781 2.52331841737659 2.52331841737659 2.78099005755474 3.77252416610935 3.29527819347563 3.2376380915702 3.04007592961055 3.16600075479308 3.09771603151599 2.62135238424045 2.19416028124053
0 0 0 0 0 0 0 0.657403632226648 0.657403632226648 0.657403632226648 0.657403632226648 0.657403632226648 0.657403632226648 0.236134812646234 0.236134812646234 0 0 0.421268819580414 0.657403632226648 0.657403632226648 0 0 0 0 0 0 0 0 0 0 0 0 0 0 0 0 0 0 0 0 0 0.197562161959647 0.197562161959647 0.197562161959647 0.442381890163884 0.972017151321256 1.20815196396749 1.20815196396749 0.963332235763253 0.963332235763253 1.32355266713939 1.47594356560317 1.47594356560317 2.43040128661781 2.52331841737659 2.52331841737659 2.5515329084759 3.06670336975497 3.10422090312195 3.36356291675273 3.16600075479308 3.16600075479308 2.62135238424045 2.43029509388676 2.19416028124053
0 0 0 0 0 0 0 0.236134812646234 0.657403632226648 0.657403632226648 0.657403632226648 1.05008904335041 1.05008904335041 1.05008904335041 0.657403632226648 0.421268819580414 0.421268819580414 0.421268819580414 0.657403632226648 0.657403632226648 0 0 0 0 0 0 0 0 0 0 0 0 0 0 0 0 0 0 0 0 0.197562161959647 0.197562161959647 0.197562161959647 0.197562161959647 0.442381890163884 0.972017151321256 1.20815196396749 1.20815196396749 0.963332235763253 0.963332235763253 1.20968119745672 1.20968119745672 1.20968119745672 0.963332235763253 1.05624936652203 2.52331841737659 2.5515329084759 3.06670336975497 3.06670336975497 2.81891454620009 2.68963710751754 2.68963710751754 2.62135238424045 3.08314384107893 2.8470090284327
0 0 0 0 0 0 0 0 0.657403632226648 0.657403632226648 0.657403632226648 1.05008904335041 1.05008904335041 1.05008904335041 0.657403632226648 0.657403632226648 0.657403632226648 0.657403632226648 0.657403632226648 0.236134812646234 0 0 0 0 0 0 0 0 0 0 0 0 0 0 0 0 0 0 0 0 0.197562161959647 0.197562161959647 0.197562161959647 0.197562161959647 0.442381890163884 0.442381890163884 1.20815196396749 1.20815196396749 0.963332235763253 0.963332235763253 0.963332235763253 0.963332235763253 0.963332235763253 0.963332235763253 0.963332235763253 0.963332235763253 2.5515329084759 2.88599476510105 3.14437591799768 2.62785725584641 2.43029509388676 2.43029509388676 2.43029509388676 3.08314384107893 2.79654819708299
0 0 0 0 0 0 0 0 0.657403632226648 0.657403632226648 0.657403632226648 1.05008904335041 1.05008904335041 1.05008904335041 0.657403632226648 0.657403632226648 0.657403632226648 0.657403632226648 0.236134812646234 0 0 0 0 0 0 0 0 0 0 0 0 0 0 0 0 0 0 0 0 0 0 0.197562161959647 0.197562161959647 0.197562161959647 0.197562161959647 0.197562161959647 0.197562161959647 0.197562161959647 0.727197423117019 0.963332235763253 0.963332235763253 0.963332235763253 0.963332235763253 0.963332235763253 0.963332235763253 0.963332235763253 0.963332235763253 1.77788827743985 1.24825301628248 1.73265019234318 1.42920099104151 1.42920099104151 1.96304609988556 1.96304609988556 1.59765256217298
0 0 0 0 0 0 0 0 0 0.421268819580414 0.657403632226648 0.657403632226648 0.657403632226648 0.657403632226648 0.657403632226648 0.657403632226648 0 0 0 0 0 0 0 0 0 0 0 0 0 0 0 0 0 0 0 0 0 0 0 0 0 0.197562161959647 0.197562161959647 0.197562161959647 0.197562161959647 0.197562161959647 0.197562161959647 0.197562161959647 0.727197423117019 0.963332235763253 0.963332235763253 0.963332235763253 0.963332235763253 0.963332235763253 0.963332235763253 0.963332235763253 0.963332235763253 1.24825301628248 1.24825301628248 1.73265019234318 1.18973227851146 2.08204973823368 1.96304609988556 1.59765256217298 0.94480381498081
0 0 0 0 0 0 0 0 0 0.421268819580414 0.657403632226648 0.657403632226648 0.657403632226648 0.236134812646234 0.236134812646234 0.236134812646234 0 0 0 0 0 0 0 0 0 0 0 0 0 0 0 0 0 0 0 0 0 0 0 0 0 0.197562161959647 0.197562161959647 0.197562161959647 0.197562161959647 0.197562161959647 0.197562161959647 0.197562161959647 0.727197423117019 0.963332235763253 0.963332235763253 0.963332235763253 0.963332235763253 0.433696974605881 0.433696974605881 0.649530364890974 0.649530364890974 0.433696974605881 1.14236597694046 0.94480381498081 1.59765256217298 1.59765256217298 1.59765256217298 1.59765256217298 1.59765256217298
0 0 0 0 0 0 0 0 0 0 0.657403632226648 0.236134812646234 0.236134812646234 0.236134812646234 0 0 0 0 0 0 0 0 0 0 0 0 0 0 0 0 0 0 0 0 0.236134812646234 0.236134812646234 0 0 0 0 0 0.197562161959647 0.197562161959647 0.197562161959647 0.197562161959647 0.197562161959647 0.197562161959647 0.197562161959647 0.197562161959647 0.963332235763253 0.963332235763253 0.433696974605881 0.433696974605881 0.433696974605881 0.197562161959647 0.41339555224474 0.831496738881712 0.851798161242853 0.851798161242853 1.36290500161778 2.01575374880995 1.59765256217298 1.59765256217298 1.59765256217298 1.59765256217298
0 0 0 0 0 0 0 0 0 0 0.421268819580414 0 0 0 0 0 0 0 0 0 0 0 0 0 0 0 0 0 0 0 0 0 0 0 0.236134812646234 0.236134812646234 0.236134812646234 0 0 0 0 0.197562161959647 0.197562161959647 0.197562161959647 0.197562161959647 0.197562161959647 0.197562161959647 0.197562161959647 0.197562161959647 0.433696974605881 0.433696974605881 0.433696974605881 0.197562161959647 0.197562161959647 0.734666986944743 0.970801799590977 0.970801799590977 0.970801799590977 0.773239637631331 0.773239637631331 2.01575374880995 1.59765256217298 1.59765256217298 1.59765256217298 0.888983559838404
0 0 0 0 0 0 0 0 0 0 0 0 0 0.36101994523341 0.36101994523341 0 0 0 0 0 0 0 0 0 0 0 0 0 0 0 0 0 0 0 0 0 0 0 0 0 0.197562161959647 0.197562161959647 0.197562161959647 0.197562161959647 0.197562161959647 0.197562161959647 0.197562161959647 0.197562161959647 0.197562161959647 0.433696974605881 0.433696974605881 0.433696974605881 0.197562161959647 0.557084679309684 0.557084679309684 0.734666986944743 0.970801799590977 0.970801799590977 0.773239637631331 0.773239637631331 1.4260883848235 1.30708474647538 0.888983559838404 0.888983559838404 0.888983559838404
0.183409899540415 0.183409899540415 0.183409899540415 0.183409899540415 0 0 0 0 0 0 0 0 0 0.36101994523341 0.36101994523341 0 0 0 0 0 0 0 0 0 0 0 0 0 0 0 0 0 0 0 0 0 0 0 0 0.197562161959647 0.197562161959647 0.197562161959647 0.197562161959647 0.197562161959647 0.727717283160496 0.727717283160496 0.850888060225773 0.850888060225773 0.845715344336433 1.08185015698267 0.551695035781818 0.433696974605881 0.557084679309684 0.557084679309684 0.557084679309684 0.557084679309684 0.970801799590977 0.773239637631331 0.773239637631331 1.0577550970787 1.0577550970787 1.4260883848235 0.888983559838404 0.888983559838404 0.888983559838404
0.419544712186649 0.419544712186649 0.419544712186649 0.419544712186649 0.183409899540415 0 0 0.183409899540415 0.183409899540415 0 0 0 0 0 0 0 0 0 0 0 0 0 0 0 0 0 0 0 0 0 0 0 0 0 0 0 0 0 0 0.197562161959647 0.197562161959647 0.197562161959647 0.197562161959647 0.727717283160496 0.727717283160496 0.96385209580673 1.08702287287201 1.20502093404794 1.20502093404794 1.08185015698267 1.08185015698267 0.197562161959647 0.557084679309684 5.05863687834535 5.05863687834535 5.50689509300676 5.50689509300676 5.54546774369335 5.54546774369335 5.82998320314072 5.82998320314072 5.99151893072717 2.25183025461623 0.888983559838404 0.888983559838404
0.419544712186649 0.419544712186649 0.419544712186649 0.419544712186649 0.419544712186649 0.419544712186649 0.419544712186649 0.419544712186649 0.419544712186649 0.236134812646234 0 0 0.236134812646234 0.236134812646234 0.236134812646234 0.236134812646234 0.236134812646234 0.236134812646234 0.236134812646234 0 0 0 0 0 0 0 0 0 0 0.724299405626608 0.724299405626608 0.724299405626608 0 0 0 0 0 0 0.197562161959647 0.197562161959647 0.197562161959647 0.197562161959647 0.727717283160496 0.96385209580673 1.08185015698267 1.08185015698267 1.20502093404794 1.20502093404794 1.08185015698267 1.20502093404794 1.20502093404794 0.96385209580673 0.793219491955918 5.29477169099159 5.29477169099159 5.56544759801793 5.68861837508321 5.68861837508321 5.49105621312356 5.49105621312356 5.36788543605829 5.81393662309211 5.69493298474399 2.25183025461623 0.888983559838404
0.419544712186649 0.419544712186649 0.236134812646234 0.419544712186649 0.419544712186649 0.419544712186649 0.419544712186649 0.419544712186649 0.419544712186649 0.236134812646234 0 0.236134812646234 0.236134812646234 0.236134812646234 0.236134812646234 0.236134812646234 0.236134812646234 0.236134812646234 0.236134812646234 0.236134812646234 0.236134812646234 0.236134812646234 0.236134812646234 0 0 0 0 0 0 0.724299405626608 0.724299405626608 0.724299405626608 0.724299405626608 0.724299405626608 0.724299405626608 0.724299405626608 0 0 0.197562161959647 0.197562161959647 0.197562161959647 0.197562161959647 0.727717283160496 0.96385209580673 1.08185015698267 1.08185015698267 1.08185015698267 1.08185015698267 1.08185015698267 1.20502093404794 1.20502093404794 1.08185015698267 0.911217553131855 5.29477169099159 5.29477169099159 5.37176151955262 6.21076835419282 6.21076835419282 5.49105621312356 5.49105621312356 5.36788543605829 5.36788543605829 5.69493298474399 2.25183025461623 0.888983559838404
0.236134812646234 0.236134812646234 0.236134812646234 0.236134812646234 0.419544712186649 0.419544712186649 0.419544712186649 0.419544712186649 0.419544712186649 0.236134812646234 0 0.236134812646234 0.236134812646234 0.726014446096679 0.236134812646234 0.236134812646234 0.236134812646234 0.236134812646234 0.236134812646234 0.236134812646234 0.236134812646234 0.236134812646234 0.236134812646234 0 0 0 0 0 0 0.724299405626608 0.724299405626608 0.724299405626608 0.724299405626608 0.724299405626608 0.724299405626608 0.724299405626608 0.724299405626608 0.724299405626608 0.197562161959647 0.197562161959647 0.197562161959647 0.197562161959647 0.727717283160496 0.96385209580673 1.08185015698267 1.3266698851869 1.3266698851869 1.45611932189078 1.08185015698267 1.08185015698267 1.08185015698267 1.08185015698267 0.911217553131855 5.29477169099159 5.29477169099159 6.43689955131971 6.82689726542362 6.38835066182788 5.66863852075862 5.49105621312356 5.36788543605829 5.36788543605829 5.69493298474399 2.25183025461623 0.888983559838404
0 0 0 0 0.236134812646234 0.236134812646234 0.236134812646234 0.236134812646234 0.236134812646234 0.236134812646234 0.236134812646234 0.236134812646234 0.726014446096679 0.726014446096679 0.726014446096679 0.236134812646234 0.236134812646234 0.236134812646234 0.236134812646234 0.236134812646234 0.236134812646234 0.236134812646234 0.236134812646234 0.236134812646234 0 0 0 0 0 0 0.724299405626608 0.724299405626608 0.724299405626608 0.936031143883703 0.936031143883703 0.936031143883703 0.724299405626608 0.724299405626608 0.921861567586255 0.197562161959647 0.197562161959647 0.197562161959647 0.727717283160496 1.08185015698267 1.08185015698267 1.3266698851869 1.61557515182646 1.74502458853033 1.463672554381 1.17476728774145 1.08185015698267 1.33809637431151 0.807941253110661 5.29477169099159 5.79157879514483 6.35990972275867 7.09757317244996 6.70062167653533 5.8577387584008 5.54546774369335 5.54546774369335 5.36788543605829 5.69493298474399 0.888983559838404 0.888983559838404
0 0 0 0 0 0 0 0.236134812646234 0.236134812646234 0.236134812646234 0.236134812646234 0.236134812646234 0.726014446096679 0.726014446096679 0.726014446096679 0.236134812646234 0.236134812646234 0.236134812646234 0.236134812646234 0.236134812646234 0.236134812646234 0.236134812646234 0.236134812646234 0.236134812646234 0.236134812646234 0.236134812646234 0 0 0 0 0.724299405626608 0.724299405626608 0.724299405626608 1.1781728606285 1.46268832007588 1.22054660333108 0.724299405626608 0.724299405626608 0.197562161959647 0.197562161959647 0.197562161959647 0.197562161959647 0.727717283160496 0.96385209580673 1.08185015698267 1.3266698851869 1.82730689008355 1.58248716187931 1.46448910070338 0.96385209580673 0.96385209580673 1.33809637431151 0.689943191934725 5.05863687834535 6.10384980985228 6.4976964939439 6.4976964939439 5.87771861272539 5.93147703948519 5.61920602477774 5.54546774369335 5.24888179771016 5.69493298474399 0.888983559838404 0.65284874719217
0 0 0 0 0 0 0 0.236134812646234 0.236134812646234 0.236134812646234 0.236134812646234 0.236134812646234 0.236134812646234 0.236134812646234 0.236134812646234 0.236134812646234 0.236134812646234 0.469563224937709 0.469563224937709 0.236134812646234 0.236134812646234 0.236134812646234 0.236134812646234 0.236134812646234 0.236134812646234 0.236134812646234 0 0 0 0 0.724299405626608 1.25095658181878 1.48709139446502 1.69882313272211 1.69882313272211 1.69882313272211 0.960434218272842 0 0.197562161959647 0.197562161959647 0.197562161959647 0.197562161959647 0.727717283160496 0.96385209580673 1.08185015698267 1.08185015698267 1.29358189523976 1.58248716187931 1.46448910070338 0.96385209580673 0.96385209580673 0.689943191934725 0.45380837928849 4.93963323999723 5.73285879555516 6.2457091179949 6.2457091179949 5.56544759801793 6.08775568790054 6.53846959501252 6.53846959501252 6.36088728737746 6.80693847441128 1.16211515931532 0
0 0 0 0 0 0 0 0.236134812646234 0.236134812646234 0.236134812646234 0.236134812646234 0.236134812646234 0.236134812646234 0.236134812646234 0.236134812646234 0.236134812646234 0.469563224937709 0.469563224937709 0.469563224937709 0.236134812646234 0.236134812646234 0.236134812646234 0.236134812646234 0.236134812646234 0.236134812646234 0.236134812646234 0 0 0 0 0 1.25095658181878 1.14922719505798 1.14922719505798 0.762791988838407 0.762791988838407 0.236134812646234 0 0 0.197562161959647 0.197562161959647 0.197562161959647 0.197562161959647 0.96385209580673 1.08185015698267 1.08185015698267 1.08185015698267 0.96385209580673 0.96385209580673 0.96385209580673 0.96385209580673 0.433696974605881 0.197562161959647 0.197562161959647 1.22529000300366 1.57357545429497 2.64648705228352 1.70244723051113 2.69410161494329 2.96723321442021 2.96723321442021 2.96723321442021 2.96723321442021 0.509266412123152 0
0 0 0 0 0 0 0 0.236134812646234 0.236134812646234 0.236134812646234 0.236134812646234 0.236134812646234 0.236134812646234 0.236134812646234 0.236134812646234 0.236134812646234 0.469563224937709 0.469563224937709 0.469563224937709 0.469563224937709 0.236134812646234 0.236134812646234 0.236134812646234 0.236134812646234 0.236134812646234 0.236134812646234 0 0 0 0 0 0 0.236134812646234 0.236134812646234 0.236134812646234 0 0 0 0 0.197562161959647 0.197562161959647 0.197562161959647 0.197562161959647 0.197562161959647 0.837503541077822 0.96385209580673 0.96385209580673 0.96385209580673 0.96385209580673 0.433696974605881 0.433696974605881 0.433696974605881 0.197562161959647 0.197562161959647 0.197562161959647 1.79654366938371 1.79654366938371 1.59898150742406 1.59898150742406 2.96723321442021 2.96723321442021 2.96723321442021 2.96723321442021 0.509266412123152 0
