Sp_maps/Mammals_Cerrado/MML/oxymycterus_roberti_mml_f.asc
ncols         186
nrows         223
xllcorner     -60.1
yllcorner     -24.7
cellsize      0.1
NODATA_value  -9999
[rows 114 to 151 of 223, columns 86 to 171 of 186]
0.51128 0.51128 0.51128 0.51128 0.63848 0.63848 0.63848 0.63848 0.63848 0.63848 0.63848 0.63848 0.63848 0.63848 0.51128 0.63848 0.55285 0.55285 0.63848 0.63848 0.55285 0 0 0 0.50211 0 0 0 0 0 0.50211 0 0.58774 0.62262 0.67336 0.75898 0.75898 0.75898 1 0.79387 0.55285 0.79387 0.70824 0.79387 0.87949 0.87949 0.63848 0.63848 0.75898 0.75898 1 1 1 1 1 0.8728 0.8728 0.8728 0.8728 0.8728 0.8728 0.8728 0.75229 0.75229 0.75229 0.75229 0.75229 0.8728 0.66667 0.58104 0 0 0 0 0 0 0 0 0 0 0 -9999 -9999 -9999 -9999 -9999
0.51128 0.51128 0.51128 0.51128 0.63848 0.63848 0.63848 0.63848 0.63848 0.63848 0.63848 0.63848 0.63848 0.51128 0.63848 0.63848 0.63848 0.55285 0.63848 0.63848 0.55285 0.55285 0 0 0 0 0 0 0 0 0 0 0.50211 0.70824 0.75898 0.75898 0.87949 1 0.79387 0.55285 0.79387 0.87949 0.79387 0.87949 1 0.63848 0.63848 0.75898 0.75898 0.75898 1 1 1 1 1 0.8728 0.8728 0.8728 0.8728 0.8728 0.8728 0.8728 0.75229 0.75229 0.75229 0.8728 0.8728 0.8728 0.66667 0.58104 0.58104 0 0 0 0 0 0 0 0 0 0 -9999 -9999 -9999 -9999 -9999
0.51128 0.51128 0.51128 0.51128 0.63848 0.63848 0.63848 0.63848 0.63848 0.63848 0.63848 0.63848 0.51128 0.63848 0.63848 0.63848 0.63848 0.55285 0.63848 0.63848 0.55285 0.55285 0 0.58774 0.58774 0 0 0 0 0 0 0 0.55285 0.67336 0.87949 0.87949 1 0.79387 0.55285 0.55285 0.79387 0.87949 1 0.75898 0.63848 0.63848 0.63848 0.75898 0.75898 1 1 1 1 1 1 0.8728 0.8728 0.8728 0.8728 0.8728 0.8728 0.8728 0.8728 0.8728 0.8728 0.8728 0.8728 0.78717 0.78717 0.66667 0 0 0 0 0 0 0 0 0 0 0 0 -9999 -9999 -9999 -9999
0.51128 0.51128 0.51128 0.63848 0.63848 0.63848 0.63848 0.63848 0.63848 0.63848 0.63848 0.51128 0.63848 0.63848 0.63848 0.63848 0.63848 0.63848 0.63848 0.63848 0.63848 0.55285 0.55285 0.58774 0 0 0 0 0 0.58774 0 0.58774 0.63848 1 1 0.87949 0.79387 0.67336 0.79387 0.67336 0.70824 0.87949 0.87949 0.75898 0.63848 0.63848 0.75898 0.75898 0.75898 1 1 1 1 1 1 0.8728 0.8728 0.8728 0.8728 0.8728 0.8728 0.8728 0.8728 0.8728 0.8728 0.8728 0.8728 0.78717 0 0.58104 0 0 0 0 0 0 0 0 0 0 0 0 -9999 -9999 -9999 -9999
0.51128 0.51128 0.51128 0.63848 0.63848 0.63848 0.63848 0.63848 0.63848 0.63848 0.63848 0.63848 0.63848 0.63848 0.63848 0.63848 0.63848 0.63848 0.63848 0.63848 0.63848 0.55285 0.55285 0.55285 0.55285 0.55285 0.50211 0.58774 0.62262 0 0 0.79387 0.75898 0.75898 0.87949 0.87949 0.87949 0.79387 0.87949 0.87949 0.87949 0.87949 0.87949 0.87949 0.75898 0.63848 0.75898 0.75898 0.75898 1 1 1 1 1 0.8728 0.8728 0.8728 0.8728 0.8728 0.8728 0.8728 0.8728 0.8728 0.8728 0.8728 0.8728 0.8728 0.78717 0.78717 0 0 0 0 0 0 0 0 0 0 0 0 0 -9999 -9999 -9999 -9999
0.51128 0.51128 0.63848 0.63848 0.63848 0.63848 0.63848 0.63848 0.63848 0.63848 0.63848 0.63848 0.63848 0.63848 0.63848 0.63848 0.63848 0.63848 0.63848 0.55285 0.55285 0.70824 0.70824 0.55285 0.55285 0.67336 0.67336 0.70824 0.70824 0.58774 0.70824 0.79387 0.63848 0.75898 0.87949 0.87949 0.87949 0.87949 0.87949 0.87949 0.87949 0.87949 0.75898 0.75898 0.75898 0.75898 0.75898 0.75898 0.75898 0.87949 1 1 1 1 0.8728 0.8728 0.8728 0.8728 0.8728 0.8728 0.8728 0.8728 0.8728 0.8728 0.8728 0.8728 0.8728 0.8728 0.61593 0.58104 0.58104 0 0 0 -9999 0 0 0 0 0 0 -9999 -9999 -9999 -9999 -9999
0.51128 0.51128 0.63848 0.63848 0.63848 0.63848 0.63848 0.63848 0.63848 0.63848 0.63848 0.63848 0.63848 0.63848 0.63848 0.63848 0.63848 0.63848 0.55285 0.55285 0.58774 0.58774 0.67336 0.55285 0.63848 0.67336 0.79387 0.70824 0.70824 0.79387 0.87949 0.79387 0.87949 0.75898 0.87949 0.87949 0.87949 0.87949 0.87949 0.87949 0.87949 0.87949 0.75898 0.75898 0.75898 0.75898 0.75898 0.75898 0.87949 1 1 1 1 1 0.8728 0.8728 0.8728 0.8728 0.8728 0.8728 0.8728 0.8728 0.8728 0.8728 0.8728 0.8728 0.8728 0.8728 0.8728 0.78717 0.78717 0 0 -9999 -9999 0 0 0 0 0 0 -9999 0 0 -9999 -9999
0.51128 0.51128 0.63848 0.63848 0.63848 0.63848 0.63848 0.63848 0.63848 0.55285 0.63848 0.63848 0.63848 0.63848 0.75898 0.75898 0.63848 0.67336 0.58774 0.58774 0.58774 0.70824 0.79387 0.63848 0.63848 0.75898 0.87949 0.87949 0.87949 0.87949 0.87949 0.87949 0.87949 0.87949 0.87949 0.87949 0.87949 0.87949 0.87949 0.87949 0.87949 1 0.75898 0.75898 0.75898 0.75898 0.75898 0.75898 0.87949 1 1 1 1 1 1 1 0.8728 0.8728 0.8728 0.8728 0.8728 0.8728 0.8728 0.8728 0.8728 0.8728 0.8728 0.8728 0.8728 0.8728 0.78717 0.70155 0 -9999 -9999 0 0 0 0 0 0 0 0 0 0 -9999
0.51128 0.51128 0.63848 0.63848 0.63848 0.63848 0.63848 0.63848 0.63848 0.63848 0.63848 0.63848 0.63848 0.75898 0.79387 0.75898 0.67336 0.67336 0.58774 0.70824 0.70824 0.70824 0.79387 0.63848 0.63848 0.75898 0.75898 0.75898 0.87949 0.87949 0.87949 0.87949 0.87949 0.87949 0.87949 0.87949 0.87949 0.87949 0.87949 0.87949 0.87949 0.87949 0.75898 0.75898 0.75898 0.75898 0.87949 0.87949 1 1 1 1 1 1 1 0.8728 0.8728 0.8728 0.8728 0.8728 0.8728 0.8728 0.8728 0.8728 0.8728 0.8728 0.8728 0.8728 0.8728 0.8728 0.78717 0 0 -9999 -9999 -9999 0 0 0 0 0 -9999 -9999 -9999 -9999 -9999
0.51128 0.63848 0.63848 0.63848 0.63848 0.63848 0.55285 0.63848 0.63848 0.63848 0.63848 0.63848 0.63848 0.75898 0.75898 0.67336 0.67336 0.70824 0.50211 0.58774 0.58774 0.67336 0.75898 0.75898 0.75898 0.87949 0.87949 0.75898 0.87949 0.87949 0.87949 0.87949 0.87949 0.87949 0.87949 0.87949 0.87949 0.87949 0.87949 0.87949 1 1 0.87949 0.87949 0.87949 0.87949 1 1 1 1 1 1 1 1 1 1 1 0.8728 0.8728 0.8728 0.8728 0.8728 0.8728 0.8728 0.8728 0.8728 0.8728 0.8728 0.8728 0.8728 0.78717 0 0.70155 0 -9999 -9999 0 0 0 0 0.61593 -9999 -9999 -9999 -9999 -9999
0.51128 0.63848 0.63848 0.63848 0.63848 0.63848 0.63848 0.63848 0.55285 0.55285 0.63848 0.63848 0.63848 0.55285 0.55285 0.58774 0 0.58774 0.58774 0.70824 0.70824 0.75898 0.75898 0.87949 0.87949 0.87949 0.87949 0.75898 0.87949 0.87949 0.87949 0.87949 0.87949 0.87949 0.87949 0.87949 0.87949 0.87949 0.87949 0.87949 1 1 1 1 1 1 1 1 1 1 1 1 1 1 1 1 0.8728 0.8728 0.8728 0.8728 0.8728 0.8728 0.8728 0.8728 0.8728 0.8728 0.8728 0.8728 0.8728 0.8728 0.8728 0.70155 0.78717 0.58104 -9999 -9999 0 0 0 0 0.61593 -9999 -9999 -9999 -9999 -9999
0.63848 0.63848 0.63848 0.63848 0.63848 0.63848 0.63848 0.63848 0.55285 0.55285 0.55285 0.55285 0.55285 0.55285 0.79387 0.66667 0 0.67336 0.79387 0.79387 0.75898 0.75898 0.87949 0.87949 0.87949 0.87949 0.87949 0.87949 0.87949 0.87949 0.87949 0.87949 0.87949 0.87949 0.87949 1 1 1 1 1 1 1 1 1 1 1 1 1 1 1 1 1 1 1 1 1 1 0.8728 0.8728 0.8728 0.8728 0.8728 0.8728 0.8728 0.8728 1 0.8728 0.8728 0.8728 0.8728 0.8728 0.78717 0.8728 0.61593 -9999 -9999 -9999 0 -9999 -9999 -9999 -9999 -9999 -9999 -9999 0.74313
0.63848 0.63848 0.63848 0.63848 0.63848 0.63848 0.63848 0.63848 0.55285 0.55285 0.55285 0.55285 0.55285 0.63848 0.66667 0.66667 0.79387 0.79387 0.87949 0.87949 0.75898 0.87949 0.87949 0.87949 0.87949 0.87949 0.87949 0.87949 0.87949 0.87949 0.87949 0.87949 0.87949 0.87949 0.87949 1 1 1 1 1 1 1 1 1 1 1 1 1 1 1 1 1 1 1 1 0.8728 0.8728 1 0.8728 1 0.8728 0.8728 1 1 1 1 1 1 1 0.8728 0.8728 0.78717 0.78717 0 -9999 0 -9999 -9999 -9999 -9999 -9999 -9999 -9999 -9999 0.74313 0.74313
0.63848 0.63848 0.63848 0.63848 0.63848 0.63848 0.63848 0.63848 0.55285 0.55285 0.55285 0.55285 0.55285 0.67336 0 0.54616 0.79387 0.67336 0 0.87949 0.87949 0.87949 0.87949 0.87949 0.87949 0.87949 0.87949 0.87949 0.87949 0.87949 0.87949 0.87949 0.87949 1 1 1 1 1 1 1 1 1 1 1 1 1 1 1 1 1 1 1 1 1 1 1 0.8728 1 1 1 1 0.8728 1 1 1 1 1 1 1 1 0.8728 0.8728 0.61593 0 0 0.62262 0 -9999 -9999 -9999 -9999 -9999 -9999 -9999 -9999 0.74313
0.63848 0.63848 0.63848 0.63848 0.63848 0.63848 0.63848 0.63848 0.55285 0.55285 0.55285 0.55285 0.67336 0.79387 0 0.67336 0.87949 0.87949 0.87949 0.87949 0.87949 0.87949 0.75898 0.75898 0.87949 0.87949 0.87949 0.87949 0.87949 0.87949 0.87949 0.87949 1 1 1 1 1 1 1 1 1 1 1 1 1 1 1 1 1 1 1 1 1 1 1 1 1 1 1 0.8728 1 1 1 1 1 1 1 1 1 0.91438 0.74313 0.74313 0.62262 -9999 0 0 0 -9999 -9999 0 -9999 -9999 -9999 -9999 -9999 -9999
0.63848 0.63848 0.63848 0.63848 0.63848 0.63848 0.63848 0.55285 0.67336 0.67336 0.67336 0.55285 0.55285 0.53947 0.66667 0.79387 0.87949 0.87949 0 0.87949 0.87949 0.87949 0.75898 0.75898 0.75898 0.75898 0.87949 0.87949 0.87949 0.87949 0.87949 0.87949 1 1 1 1 1 1 1 1 1 1 1 1 1 1 1 1 1 1 1 1 0.8728 1 1 1 1 1 1 1 1 1 1 1 1 1 1 1 1 0.82875 0.74313 0.62262 -9999 -9999 0.61593 0.61593 0 0 -9999 0 0 -9999 -9999 -9999 -9999 0.82875
0.63848 0.63848 0.63848 0.63848 0.63848 0.63848 0.63848 0.63848 0.55285 0.67336 0.55285 0.55285 0.87949 0.53947 0.66667 0.75229 0.87949 0.75229 0.87949 0.87949 0.87949 0.75898 0.75898 0.75898 0.75898 0.75898 0.75898 0.87949 0.87949 0.87949 0.87949 1 1 1 1 1 1 1 1 1 1 1 1 1 1 1 1 1 1 1 1 1 0.8728 1 1 1 1 1 1 1 1 1 1 1 1 1 0.74313 0.74313 0.62262 0.74313 0.50211 -9999 -9999 0.74313 0.74313 0.74313 0.74313 -9999 -9999 0 0 0 -9999 -9999 -9999 0.82875
0.63848 0.63848 0.63848 0.63848 0.63848 0.63848 0.63848 0.63848 0.63848 0 0.67336 0.54616 0.75229 0.53947 0.53947 0.75229 0.75229 0.75229 0.75229 0.87949 0.87949 0.75898 0.75898 0.75898 0.75898 0.75898 0.75898 0.87949 0.87949 0.87949 0.87949 1 1 1 1 1 1 1 1 1 1 1 1 1 1 1 1 1 1 1 1 0.8728 0.8728 1 1 1 1 1 1 1 1 1 1 1 1 0.82875 0.74313 0.62262 0.62262 0.50211 -9999 -9999 0.74313 0.74313 0.74313 0.74313 -9999 -9999 -9999 0 0 0 -9999 -9999 -9999 0.74313
0.75898 0.75898 0.63848 0.75898 0.63848 0.63848 0.63848 0.75898 0.63848 0.75898 0.67336 0 0.63178 0.75229 0.66667 0.75229 0.75229 0.75229 0.75229 0.75229 0.87949 0.75898 0.75898 0.75898 0.75898 0.75898 0.75898 0.87949 0.87949 0.87949 0.87949 1 1 1 1 1 1 1 1 1 1 1 1 1 1 1 1 1 1 1 1 1 1 1 1 1 1 1 1 1 1 1 1 1 0.70824 0.62262 0.62262 0.50211 0.50211 0.50211 0.62262 0.74313 1 0.91438 0.74313 0.74313 -9999 -9999 0.62262 0 0 -9999 -9999 -9999 0.62262 0.74313
0.75898 0.75898 0.79387 0.67336 0.63848 0.63848 0.63848 0.75898 0.63848 0.75898 0.67336 0 0 0.75229 0.66667 0.75229 0.75229 0.75229 0.75229 0.87949 0.87949 0.75898 0.63178 0.63178 0.75898 0.87949 0.87949 0.87949 0.87949 0.87949 1 1 1 1 1 1 1 1 1 1 1 1 1 1 1 1 1 1 1 1 1 1 1 1 1 1 1 1 1 1 1 1 1 0.91438 0.70824 0.62262 0.50211 0.50211 0.62262 0.62262 0.79387 0.87949 0.79387 0.91438 0.91438 0.74313 -9999 0.62262 0.50211 0.50211 0.50211 0.50211 -9999 -9999 0.74313 0.74313
0.63848 0.63848 0.75898 0.67336 0.75898 0.75898 0.75898 0.75898 0.75898 0.67336 0.66667 0 0.51128 0.66667 0.79387 0.66667 0.75229 0.75229 0.75229 0.87949 0 0.87949 0.75898 0.75898 0.75898 0.75898 0.87949 0.87949 0.87949 1 1 1 0 0 1 0.87949 1 1 1 0 1 1 1 1 1 1 1 1 1 1 1 1 1 1 1 1 1 1 1 1 1 1 1 0.79387 0.79387 0.70824 0.70824 0.50211 0.87949 0.87949 0.87949 0.87949 0.87949 1 0.82875 0.74313 -9999 0.62262 0.50211 0.50211 0.50211 0.50211 0.50211 -9999 0.74313 0.82875
0.75898 0.75898 0.63848 0.75898 0.67336 0.67336 0.75898 0.75898 0.75898 0.67336 0.66667 0.54616 0.63178 0.87949 0.79387 0.87949 0 0 0.87949 0.87949 0.87949 0.87949 0.87949 0.87949 0.87949 0.87949 0.87949 0.87949 1 1 1 1 1 1 1 1 1 1 1 1 1 1 1 1 1 1 1 1 1 1 1 1 1 1 1 1 1 1 1 1 1 1 0.91438 0.79387 0.91438 0.79387 0.79387 0.87949 0.87949 0.87949 0.87949 0.87949 1 0.87949 0.91438 -9999 -9999 0.62262 0.62262 0.50211 0.62262 0.62262 0.62262 0.74313 0.82875 0.82875
0.75898 0.67336 0.75898 0.67336 0.67336 0.67336 0.67336 0.67336 0.67336 0.54616 0.54616 0.75229 0.75229 0.87949 0.75898 0.75898 0.87949 0.87949 0.87949 0.87949 0.87949 0.87949 0.87949 0.87949 0.87949 0.87949 0.87949 1 1 1 1 1 1 1 1 1 1 1 1 1 1 1 1 1 1 1 1 1 1 1 1 1 1 1 1 1 1 1 1 1 1 1 0.91438 0.79387 0.79387 0.79387 0.87949 0.87949 0.87949 0.87949 0.87949 1 1 0.87949 1 0.62262 0.62262 0.62262 0.74313 0.62262 0.62262 0.74313 0.82875 0.82875 0.82875 1
0.75898 0.79387 0.79387 0.67336 0.67336 0.67336 0.67336 0.67336 0.91438 0.66667 0.54616 0.75229 0.87949 0.87949 0.87949 0.87949 0.87949 0.87949 0.87949 0.87949 0.87949 0.87949 0.87949 0.87949 0.87949 0.87949 1 1 1 1 1 1 1 1 1 1 1 1 1 1 1 1 1 1 1 1 1 1 1 1 1 1 1 1 1 1 1 1 1 1 1 0.91438 0.91438 0.79387 0.79387 0.87949 0.87949 0.87949 0.87949 0.87949 0.87949 1 1 1 1 0.74313 0.62262 0.74313 0.74313 0.74313 0.74313 1 1 1 1 1
0.67336 1 1 1 0.91438 0.67336 0.75898 0.91438 0.75898 0.75229 0.75229 0.87949 0.75229 0.75229 0.87949 0 0.87949 0.87949 0.87949 0.87949 1 1 1 1 1 1 1 1 1 1 1 1 1 1 1 1 1 1 1 1 1 1 1 1 1 1 1 1 1 1 1 1 1 1 1 1 1 1 1 1 1 1 1 0.70824 0.79387 0.79387 0.87949 0.87949 0.87949 0.87949 1 1 1 1 1 1 0.74313 0.74313 0.74313 0.74313 0 1 1 1 1 0.91438
0.87949 0.79387 1 0.91438 0.79387 0.75898 0.87949 0.75898 1 0.75229 0.75229 0.75229 0.87949 0.87949 0.87949 0.87949 0.87949 0.87949 0.87949 1 1 1 0 1 1 1 1 1 1 1 1 1 1 1 1 1 1 1 1 1 1 1 1 1 1 1 1 1 1 1 1 1 1 1 1 1 1 1 1 0.87949 0.87949 1 0.87949 0.70824 0.87949 0.79387 0.87949 0.87949 0.87949 0.87949 0.87949 1 1 1 1 1 0.91438 0.74313 0.74313 0.82875 1 1 1 1 1 1
0.87949 0.87949 1 1 0.87949 1 1 1 1 0.75898 0.75229 0.87949 0.87949 0.75229 0.87949 0.87949 0.75229 0.75229 0.87949 1 1 1 1 1 1 1 1 1 1 1 1 1 1 1 1 1 1 1 1 1 1 1 1 1 1 1 1 1 1 1 1 1 1 1 1 1 1 1 1 0.87949 0.87949 1 0.87949 0.79387 0.87949 0.79387 0.87949 0.87949 0.87949 0.87949 1 1 1 1 1 1 0.91438 0.91438 0.82875 0.74313 0.82875 1 1 1 1 1
1 0.87949 1 1 1 1 1 1 1 0.75229 0.75229 0.75229 0.75229 0.75229 0.75229 0.87949 0.75229 0.75229 0.75229 1 1 1 1 1 1 1 1 1 1 1 1 1 1 1 1 1 1 1 1 1 1 1 1 1 1 1 1 1 1 1 1 1 1 1 1 1 1 1 1 1 0.87949 1 0.87949 0.87949 0.79387 0.87949 0.87949 0.87949 0.87949 0.87949 1 1 1 1 1 0.91438 0.91438 0.91438 0.91438 0.82875 1 1 1 1 1 1
1 1 1 1 1 1 1 1 1 1 0.8728 0.75229 0.75229 0.75229 0.75229 0.75229 0.75229 0.75229 0.75229 1 1 1 1 1 1 1 1 1 1 1 1 1 1 1 1 1 1 1 1 1 1 1 1 1 1 1 1 1 1 1 1 1 1 1 1 1 1 1 1 1 0.87949 1 0.87949 0.87949 0.79387 0.87949 0.87949 0.87949 0.87949 1 1 1 1 1 1 0.91438 0.91438 0.91438 0.91438 0.91438 1 1 1 1 1 1
1 1 1 1 1 1 1 1 1 1 1 0.75229 0.87949 0.75229 0.75229 0.75229 0.75229 0.75229 1 1 1 1 1 1 1 1 1 1 1 1 1 1 0.8728 1 0.87949 0.87949 0.87949 1 1 1 1 1 1 1 1 1 1 1 1 1 1 1 1 1 1 1 1 1 1 1 1 1 0.87949 1 1 0.87949 0.87949 0.87949 1 1 1 1 1 1 1 1 0.91438 0.91438 0.91438 1 1 1 1 1 1 1
1 1 1 1 0.8728 1 1 1 1 1 0.87949 0.75229 0.75229 0.75229 0.75229 0.75229 0.75229 1 1 1 1 1 1 1 1 1 1 1 1 1 1 1 0.87949 0.87949 0.75229 0.87949 0.87949 1 0.8728 0.8728 0.8728 0.8728 0.75229 0.62509 0.75229 0.8728 0.7456 1 1 1 1 1 1 1 1 1 1 1 1 1 1 1 0.87949 1 0.87949 0.79387 0.87949 1 1 1 1 1 1 1 1 1 1 1 1 1 1 1 1 1 1 1
1 1 1 0.8728 0.8728 0.8728 0.8728 0.8728 1 0.62509 0.75229 0.75229 0.75229 0.75229 0.75229 0.75229 0.75229 0.75229 1 1 1 1 1 1 1 1 1 1 1 1 0.87949 0.87949 0.87949 0.87949 0.87949 0.87949 0.87949 0.75229 1 0.8728 1 0.87949 0.62509 0.62509 0.53947 0 0.6184 0.7456 1 1 1 1 1 1 1 1 1 1 1 1 1 1 1 1 0.87949 0.79387 0.87949 0.87949 1 1 1 1 1 1 1 1 1 1 1 1 1 1 1 1 1 1
1 1 1 1 0.8728 0.8728 0.8728 0.8728 1 0.62509 0.75229 0.75229 0.75229 0.75229 0.75229 0.75229 1 0.8728 1 1 1 1 1 1 1 1 1 1 0.87949 0.87949 0.87949 0.87949 0.75229 0.75229 0.75229 0.87949 0.75229 0.87949 0.87949 0.8728 0.75229 0.62509 0.62509 0.53947 0 0 0 0.7456 1 1 1 1 1 1 1 1 1 1 1 1 1 1 1 1 0.87949 0.87949 0.87949 0.87949 0.87949 0.87949 1 1 1 1 1 1 1 1 1 1 1 1 1 1 1 1
1 1 1 1 0.8728 0.8728 0.8728 0.8728 0.8728 0.62509 0.75229 0.75229 0.75229 0.75229 0.75229 0.75229 1 0.8728 1 1 1 1 1 1 1 1 1 1 0.75229 0.75229 0.75229 0.87949 0.75229 0.75229 0.75229 0.75229 0.63178 0.75229 0.87949 0.8728 0.75229 0.62509 0.53947 0 0 0 0 0.7456 1 1 1 1 1 1 1 1 1 1 1 1 1 1 1 1 0.87949 0.79387 0.79387 0.87949 0.87949 0.87949 1 1 1 1 1 1 1 1 1 1 1 1 1 1 1 1
1 0.8728 0.8728 0.8728 0.8728 0.8728 0.8728 0.75229 0.75229 0.75229 0.75229 0.75229 0.75229 0.75229 0.75229 0.75229 0.75229 1 1 1 1 0.8728 1 1 1 1 0.87949 0.75229 0.87949 0.75229 0.75229 0.63178 0.63178 0.63178 0.75898 0.75229 0.63178 0.75229 0.75229 1 0.8728 0.75229 0.53947 0 0 0 0 0.8728 1 0 1 1 1 1 1 1 1 1 1 1 1 1 1 1 0.87949 0.79387 0.79387 0.87949 1 0.87949 0.87949 0.87949 1 1 1 1 1 1 1 1 1 1 1 0.91438 1 1
1 0.8728 0.8728 0.8728 0.8728 0.8728 0.8728 0.8728 0.75229 1 0.75229 0.75229 0.75229 0.75229 1 1 0.75229 0.8728 1 1 1 1 1 1 1 0.87949 0.75229 0.75229 0.87949 0.75229 0.63178 0.51128 0.51128 0.51128 0.63178 0.75229 0.8728 0.75229 0.75229 0.8728 0.8728 0.8728 0.53947 0 0 0.7456 0.8728 0.8728 1 1 1 1 1 1 1 1 1 1 1 1 1 1 1 1 0.87949 0.79387 0.79387 0.79387 0.87949 1 1 1 1 1 1 1 1 1 1 1 1 1 0.91438 1 1 0.91438
1 1 1 0.75229 0.75229 0.8728 0.62509 0.62509 0.62509 0.75229 0.75229 0.75229 0.75229 0.75229 0.8728 1 1 1 1 1 1 1 1 1 0.87949 0.75229 0.75229 0.87949 0.75229 0.63178 0.63178 0.63178 0 0.63178 0.63178 0.63178 0.75229 0.8728 0.7456 0.8728 0.8728 0.87949 0.87949 0.8728 0.8728 0.8728 0.8728 1 1 1 1 1 1 1 1 1 1 1 1 1 1 1 1 1 0.87949 0.87949 0.87949 0.87949 1 1 1 1 1 1 1 1 1 1 1 1 1 1 1 1 1 1
0.8728 0.8728 0.87949 0.75229 0.75229 0.75229 0.63178 0.62509 0.62509 0.75229 0.75229 0.75229 0.75229 0.75229 0.8728 1 1 1 1 1 1 1 1 1 0.87949 0.75229 0.75229 0.87949 0.75898 0.75898 0.75898 0.63178 0 0.63178 0.63178 0.63178 0.75229 0.8728 0.8728 0.8728 1 1 1 1 0.8728 0.8728 1 1 1 1 1 1 1 1 1 1 1 1 1 1 1 1 1 1 0.87949 0.87949 0.87949 0.87949 1 1 1 1 1 1 1 1 1 1 1 1 1 1 1 1 1 1
